1 0.0001 0.0000 0.0000
2 0.0001 0.0000 0.0001
3 0.0002 0.0001 0.0001
4 0.0002 0.0001 0.0001
5 0.0003 0.0001 0.0002
6 0.0003 0.0001 0.0002
7 0.0003 0.0001 0.0002
8 0.0004 0.0001 0.0002
9 0.0004 0.0002 0.0003
10 0.0005 0.0002 0.0003
11 0.0005 0.0002 0.0003
12 0.0006 0.0002 0.0004
13 0.0006 0.0002 0.0004
14 0.0007 0.0003 0.0004
15 0.0007 0.0003 0.0005
16 0.0008 0.0003 0.0005
17 0.0008 0.0003 0.0005
18 0.0009 0.0003 0.0005
19 0.0009 0.0003 0.0006
20 0.0009 0.0004 0.0006
21 0.0010 0.0004 0.0006
22 0.0010 0.0004 0.0006
23 0.0011 0.0004 0.0007
24 0.0011 0.0004 0.0007
25 0.0011 0.0004 0.0007
26 0.0012 0.0004 0.0007
27 0.0012 0.0005 0.0008
28 0.0012 0.0005 0.0008
29 0.0013 0.0005 0.0008
30 0.0013 0.0005 0.0008
31 0.0013 0.0005 0.0008
32 0.0014 0.0005 0.0008
33 0.0014 0.0005 0.0009
34 0.0014 0.0005 0.0009
35 0.0014 0.0005 0.0009
36 0.0014 0.0005 0.0009
37 0.0015 0.0006 0.0009
38 0.0015 0.0006 0.0009
39 0.0015 0.0006 0.0009
40 0.0015 0.0006 0.0010
41 0.0015 0.0006 0.0010
42 0.0015 0.0006 0.0010
43 0.0016 0.0006 0.0010
44 0.0016 0.0006 0.0010
45 0.0016 0.0006 0.0010
46 0.0016 0.0006 0.0010
47 0.0016 0.0006 0.0010
48 0.0016 0.0006 0.0010
49 0.0016 0.0006 0.0010
50 0.0016 0.0006 0.0010
51 0.0016 0.0006 0.0010
52 0.0016 0.0006 0.0010
53 0.0016 0.0006 0.0010
54 0.0016 0.0006 0.0010
55 0.0016 0.0006 0.0010
56 0.0016 0.0006 0.0010
57 0.0016 0.0006 0.0010
58 0.0015 0.0006 0.0010
59 0.0015 0.0006 0.0010
60 0.0015 0.0006 0.0010
61 0.0015 0.0006 0.0009
62 0.0015 0.0006 0.0009
63 0.0015 0.0006 0.0009
64 0.0014 0.0005 0.0009
65 0.0014 0.0005 0.0009
66 0.0014 0.0005 0.0009
67 0.0014 0.0005 0.0009
68 0.0014 0.0005 0.0008
69 0.0013 0.0005 0.0008
70 0.0013 0.0005 0.0008
71 0.0013 0.0005 0.0008
72 0.0012 0.0005 0.0008
73 0.0012 0.0005 0.0008
74 0.0012 0.0004 0.0007
75 0.0011 0.0004 0.0007
76 0.0011 0.0004 0.0007
77 0.0011 0.0004 0.0007
78 0.0010 0.0004 0.0006
79 0.0010 0.0004 0.0006
80 0.0009 0.0004 0.0006
81 0.0009 0.0003 0.0006
82 0.0009 0.0003 0.0005
83 0.0008 0.0003 0.0005
84 0.0008 0.0003 0.0005
85 0.0007 0.0003 0.0005
86 0.0007 0.0003 0.0004
87 0.0006 0.0002 0.0004
88 0.0006 0.0002 0.0004
89 0.0005 0.0002 0.0003
90 0.0005 0.0002 0.0003
91 0.0004 0.0002 0.0003
92 0.0004 0.0001 0.0002
93 0.0003 0.0001 0.0002
94 0.0003 0.0001 0.0002
95 0.0003 0.0001 0.0002
96 0.0002 0.0001 0.0001
97 0.0002 0.0001 0.0001
98 0.0001 0.0000 0.0001
99 0.0001 0.0000 0.0000
100 0.0000 0.0000 0.0000
