-0.27
1.52
-2.08
1.16
1.41
-0.87
-2.07
-4.33
-1.35
-0.37
-2.07
-3.04
-2.05
3.51
0.89
-1.80
-3.52
-3.61
-6.35
-3.57
-6.72
-5.81
-4.67
-3.58
-0.77
-2.01
-4.16
-6.37
-3.86
-1.39
1.09
-5.96
0.91
-1.75
-9.02
-4.30
-0.78
-2.65
-0.95
-0.93
-1.64
-3.90
-4.02
-6.03
-7.86
-7.03
-6.50
-0.34
-0.36
-3.17
-6.14
-2.49
-2.93
-5.41
-7.53
-7.91
-4.22
2.13
3.98
2.27
-1.40
-2.02
-4.63
-5.51
-6.34
-2.78
-2.77
-5.26
-7.59
-5.56
-3.91
-5.45
-5.96
-6.73
-8.00
-10.28
-12.51
-14.45
-11.83
-2.80
-3.78
-9.46
-10.10
-9.47
-2.90
-4.30
-8.22
-9.96
-9.91
-9.68
-8.93
-7.25
-7.26
-9.54
-7.85
-7.98
-8.19
-6.85
-8.22
-12.34
-8.87
-5.46
-1.98
0.39
-0.41
-3.93
-1.01
2.11
3.45
2.40
3.70
3.83
3.35
2.66
1.81
0.93
1.55
0.97
2.18
-0.92
1.00
1.85
-2.67
-5.91
-3.20
-1.47
-2.53
-2.40
-2.04
-0.79
-0.51
-0.39
2.16
1.28
2.99
3.01
4.09
6.06
9.40
8.94
6.96
4.13
0.75
-0.46
-0.25
-0.88
-0.64
1.90
1.78
-0.15
0.49
-1.08
-4.09
-4.38
-3.41
0.60
4.04
2.86
4.12
4.56
4.10
4.51
5.74
6.65
8.26
5.92
3.13
0.66
-1.29
1.04
1.55
2.58
3.92
4.54
5.63
8.99
9.80
9.98
7.50
6.71
-0.29
-0.03
2.48
9.80
4.68
4.76
7.54
9.22
10.71
9.31
9.25
7.89
7.33
10.68
12.98
12.19
10.16
10.84
7.92
5.09
6.43
6.74
7.30
8.69
7.60
3.73
7.12
7.89
8.39
7.94
8.05
9.73
11.04
11.82
12.09
12.39
11.50
10.86
11.45
10.76
9.20
7.76
6.34
4.92
8.22
8.77
8.46
7.12
7.41
5.41
6.16
8.69
8.67
4.39
1.66
1.74
1.49
3.63
7.98
7.60
6.38
5.67
5.89
5.97
5.06
5.66
6.24
5.56
5.17
5.11
5.39
5.52
4.60
4.33
1.07
1.96
3.81
3.90
9.01
13.90
10.67
6.91
7.51
6.97
6.31
5.86
5.19
6.35
4.56
8.70
9.28
10.71
7.03
3.50
6.32
5.37
6.53
4.91
6.27
6.96
7.00
3.16
-2.79
-5.43
-2.66
-5.51
-5.11
-2.26
-2.05
-3.03
-3.09
-2.72
-3.12
-2.93
0.12
2.49
2.36
2.86
2.18
3.71
2.97
3.76
4.11
5.31
1.29
-0.94
1.14
2.14
0.90
-2.77
-5.94
-2.22
-2.45
-3.50
-4.05
-2.25
-1.30
-1.60
0.25
-1.25
-5.74
-5.47
-5.01
-1.33
-7.20
-9.07
-4.85
-1.81
-0.91
-2.47
-6.14
-1.17
-2.91
-6.04
-7.54
-2.58
-3.87
-2.65
-1.26
0.74
3.38
1.32
1.66
-2.43
-5.44
-7.02
-6.26
-4.36
-2.28
-0.37
-3.94
-4.52
-4.39
-2.04
-1.61
-0.05
-0.44
-2.26
-7.44
-2.36
3.44
-0.54
-0.94
-3.61
-4.27
-1.77
-0.52
-3.35
-3.95
-1.35
0.60
0.66
-0.72
-0.26
-1.67
0.96
5.29
2.28
0.86
-5.98
-4.58
-3.78
-3.33
-6.44
-2.74
-5.68
-5.14
-5.76
-12.54
-15.24
-16.04
-14.51
-15.09
-11.50
-7.57
-7.23
-7.13
-5.78
-6.59
-4.66
-1.35
-1.39
-2.18
-4.07
-6.58
-2.96
-7.09
-11.58
-6.69
-9.51
-8.26
-2.94
-5.17
-6.04
-5.43
-3.44
-4.53
-5.90
-4.50
-4.11
-1.84
0.37
1.66
1.53
0.63
1.26
-0.15
-0.46
-3.58
-4.77
-10.45
-11.73
-9.55
-9.54
-8.55
-6.09
-6.50
-7.41
-6.64
-6.56
-6.61
-5.75
-4.44
-3.52
-3.40
-5.07
-6.48
-8.22
-8.23
-4.52
3.03
-1.69
0.54
1.93
1.51
2.01
1.55
1.70
0.01
0.71
0.01
0.39
-2.17
-9.08
-10.09
-6.53
-5.96
-5.44
-4.70
-5.14
-3.93
-1.76
-1.27
-0.61
-0.42
-0.57
-0.34
-1.15
-4.65
-8.41
-6.70
-4.18
-1.49
-3.84
-4.90
-5.57
-4.16
-2.19
-0.96
1.03
4.62
5.64
5.65
6.05
4.23
2.96
3.07
1.81
-1.33
1.54
2.40
3.51
4.86
4.69
2.56
0.61
-1.31
-1.63
2.17
3.58
3.31
0.65
-0.71
2.99
4.09
3.38
4.03
5.66
0.35
-1.27
-1.65
-0.83
2.20
4.86
6.79
7.36
7.74
7.89
8.77
8.55
9.29
9.65
8.49
6.71
5.29
6.14
7.82
9.04
9.22
9.26
9.22
9.69
8.19
8.50
8.70
8.69
10.48
10.36
9.59
8.60
8.93
8.48
9.12
8.19
7.91
8.29
8.64
10.96
8.18
8.18
8.65
11.18
11.50
10.83
9.28
8.44
8.68
6.83
1.31
1.78
5.26
3.06
2.03
4.32
7.15
7.18
8.58
6.62
2.87
3.82
6.24
5.75
7.35
9.59
9.48
9.08
7.03
5.25
5.10
5.60
5.60
6.13
5.25
5.58
5.27
3.31
3.51
4.58
6.44
6.94
6.03
5.85
5.39
6.14
4.96
4.74
6.32
4.66
2.53
2.41
3.44
-0.34
-0.89
0.30
2.22
3.17
4.15
4.97
-2.69
1.29
4.07
3.28
0.05
-1.35
-2.94
-0.60
1.26
1.53
2.50
1.73
2.30
4.10
5.29
7.10
7.75
8.92
6.32
5.69
5.78
3.82
3.54
3.67
1.43
-0.06
7.22
9.35
10.81
9.02
6.70
5.41
1.85
-0.44
-0.47
-4.12
-4.19
-1.40
-1.37
-2.16
-1.21
-0.21
4.28
6.06
1.71
2.51
2.91
1.75
-1.08
-0.52
0.26
-3.16
-3.41
-2.58
-4.44
-4.83
0.82
1.34
-3.78
-2.98
-2.45
-1.19
-5.20
-4.31
-4.80
-5.45
-5.38
-3.45
-2.82
-1.80
-0.58
-8.76
-4.85
-2.95
-8.59
-6.17
-2.74
2.64
-1.47
-0.50
-0.43
-2.20
-4.89
-8.27
-10.23
-10.47
-10.88
-6.27
-5.69
-6.01
-1.96
-4.75
-10.37
-10.73
-10.11
-8.10
-5.39
-5.37
-3.86
-2.16
-2.75
-2.52
-2.20
-2.57
-2.68
-4.69
-5.01
-6.42
-5.70
-10.42
-11.71
-8.59
-2.13
-2.30
-8.18
-8.96
-7.97
-3.22
-2.65
-3.82
-4.16
-6.58
-6.83
-8.54
-10.68
-11.29
-8.12
-12.08
-12.52
-10.72
-8.04
-5.48
-4.40
-4.02
-2.63
-2.20
-2.44
-0.44
-2.20
-6.37
-5.93
-6.82
-7.62
-8.68
-8.92
-8.48
-3.82
-0.83
0.14
-4.23
-0.55
-2.27
-1.14
-2.72
-6.08
-6.13
-7.62
-8.63
-8.42
-9.76
-4.96
-3.95
-3.79
-1.82
-5.32
-6.02
-3.68
-3.66
-6.26
-8.01
-6.06
-4.62
-2.79
0.88
3.38
1.92
3.18
1.23
2.89
2.18
6.84
0.18
-2.80
-5.68
-5.62
-4.43
-2.46
4.86
3.25
-2.64
-5.60
-6.36
-5.68
-2.70
1.45
-2.22
1.33
0.74
-1.99
-4.84
-10.41
-5.90
-4.62
-0.28
-1.00
-3.75
-5.59
-4.46
-0.06
-3.02
-8.68
-13.04
-11.83
-11.02
-8.87
-2.36
-6.62
-9.66
-4.28
-1.45
-3.28
-3.75
-2.87
-1.06
1.98
1.71
-1.98
0.72
5.27
2.84
3.00
-0.73
-0.55
-2.21
-0.56
0.69
-0.60
-5.46
-4.67
-4.10
-4.78
-4.51
-1.43
1.84
3.18
-1.89
-2.93
-2.12
-1.61
0.06
3.82
5.97
1.91
1.92
1.95
3.39
4.77
6.04
3.79
1.67
1.98
1.68
1.29
2.22
2.58
2.44
2.38
1.37
2.33
1.66
3.55
3.73
6.18
6.08
4.68
8.07
7.91
2.26
0.66
5.00
6.52
6.11
4.37
4.80
3.09
2.86
3.88
3.74
3.98
2.21
2.59
5.04
3.03
2.61
5.31
9.05
10.14
8.62
7.89
7.95
8.98
7.34
6.55
7.69
9.24
9.52
8.78
7.27
5.91
6.45
4.86
7.12
6.20
6.97
2.93
4.01
6.89
8.38
4.77
0.58
2.78
3.67
4.54
5.78
4.67
3.51
5.15
6.04
6.46
7.10
8.36
6.27
5.82
5.74
4.98
5.22
4.65
5.41
6.97
8.05
9.10
9.00
6.87
2.74
3.53
2.76
2.07
2.32
3.65
6.01
5.17
4.37
5.08
7.03
5.28
5.99
6.34
6.99
7.70
7.51
7.52
8.30
9.00
7.82
3.62
8.21
8.92
9.23
7.05
8.44
7.40
6.62
0.46
-4.25
-3.22
-4.27
-4.39
-3.15
-1.92
-0.57
2.10
1.32
1.36
3.02
4.53
7.26
3.94
-2.29
-1.09
3.16
4.81
6.09
5.51
3.21
4.08
0.04
1.20
4.68
4.75
4.30
4.59
5.39
6.47
6.67
5.28
6.23
7.03
6.83
5.26
4.71
3.45
3.52
3.27
0.20
-0.18
-1.42
0.17
-2.35
1.75
4.45
1.48
1.26
0.15
0.04
2.05
3.89
5.22
7.60
2.48
-5.33
-2.71
-4.53
-9.15
-9.61
-10.94
-9.20
-6.04
-7.45
-10.61
-9.27
-6.28
-10.61
-12.54
-12.74
-10.53
-10.30
-7.37
-6.02
-4.44
-3.65
-3.76
-4.72
-5.11
-1.08
0.25
-3.08
-0.78
2.84
1.37
-3.54
-2.20
0.28
1.14
-0.64
-3.37
-2.37
-2.13
-0.97
-2.02
0.83
5.11
-2.43
1.40
-3.10
-8.47
-7.25
-6.66
-9.31
-0.40
-2.01
-2.84
-8.73
-9.23
-3.41
0.28
-0.51
-1.54
-5.19
-6.91
-8.69
-2.46
-1.98
-5.39
-6.97
-6.69
-9.65
-9.00
-9.39
-7.00
-6.04
-7.73
-4.76
-9.03
-9.55
-8.88
-7.44
-11.20
-11.45
-11.09
-6.83
-8.95
-11.90
-10.38
-7.79
-10.24
-11.56
-10.95
-10.91
-6.63
-8.84
-9.89
-13.37
-15.25
-9.94
-3.79
-3.12
-1.39
-2.06
-3.54
-3.39
-1.67
3.95
0.49
-1.41
-3.04
-3.00
-3.55
-2.58
-3.61
-2.16
-2.19
-5.78
-2.55
2.23
-2.33
-0.74
0.20
4.15
1.61
-4.52
-5.48
-7.18
-6.10
-9.79
-11.10
-8.06
-1.78
-9.49
-8.93
-6.44
-10.84
-6.42
-7.41
-5.01
3.28
1.98
-1.01
-2.94
-3.90
-3.42
-3.59
-2.67
-2.86
-3.82
-2.34
-3.81
-3.91
-4.12
-7.78
-9.40
-7.63
-8.23
-8.43
-8.35
-9.41
-5.40
-4.22
-4.33
-5.18
-3.55
-3.47
-3.21
-3.50
-3.03
-3.14
-1.81
-1.20
-0.25
-2.35
-3.83
-0.94
2.26
1.43
-0.97
-3.19
-1.28
-0.32
-0.20
-2.47
-1.79
-5.98
-4.73
-3.04
-1.02
1.77
2.28
0.46
1.91
2.30
0.76
-1.22
-0.80
-0.05
2.73
1.89
2.10
3.37
3.89
2.76
3.31
5.07
5.43
5.70
6.88
7.57
7.09
6.84
8.08
8.35
6.98
7.13
3.25
1.80
2.20
-0.10
-1.43
0.30
0.83
2.64
2.87
3.20
3.23
-1.07
-1.52
-1.66
-1.83
-0.63
4.21
4.68
4.45
4.37
6.09
2.76
-0.30
-0.10
-0.78
1.14
3.00
7.65
8.33
8.69
9.71
10.83
9.38
10.79
11.64
8.33
3.05
4.00
2.32
4.53
6.00
6.42
7.32
8.23
8.42
9.87
10.01
10.13
8.22
6.84
7.72
8.93
8.67
8.70
9.51
6.28
0.24
0.92
1.06
3.01
4.00
3.41
6.48
8.67
7.04
4.58
7.08
8.06
8.69
9.26
9.35
9.23
9.12
9.25
8.66
7.51
7.07
7.24
2.89
-1.32
0.52
2.23
5.62
5.54
5.14
3.96
4.07
7.55
7.38
10.53
9.10
2.14
8.36
8.90
9.20
12.17
11.22
9.17
7.23
4.61
6.03
8.98
8.80
9.39
8.82
6.29
0.32
-1.97
2.86
-2.59
-5.37
-1.41
3.03
-0.81
1.15
4.47
7.03
6.08
8.13
10.01
10.15
8.58
5.80
4.09
2.40
1.57
-1.55
-0.58
4.24
4.91
2.93
3.75
2.53
3.77
3.66
3.30
3.35
1.99
3.97
5.37
4.16
2.97
3.36
2.30
1.40
2.12
3.14
2.11
2.20
2.61
-0.34
-1.91
-0.96
-1.37
1.57
2.61
1.02
1.41
1.36
3.10
1.04
-1.39
2.19
1.70
-0.48
-6.01
-11.02
-11.56
-14.77
-10.65
-6.27
-6.30
-5.80
-4.34
-4.38
-4.78
-3.59
-2.44
1.04
-2.36
1.70
4.42
-0.96
-4.04
-7.10
-6.74
-5.75
-6.63
-6.92
-5.95
-7.68
-3.80
-3.83
-2.86
-2.47
-4.20
-2.18
2.19
-1.47
-1.42
-3.83
-3.82
-15.38
-20.85
-13.86
-8.12
-7.21
-5.96
-2.01
-1.88
-3.84
-8.03
-12.32
-13.44
-14.01
-12.83
-10.62
-9.69
-9.47
-8.64
-3.88
-1.15
-1.57
0.95
-1.33
-7.12
-5.05
-4.61
-2.40
-4.34
-7.32
-10.05
-10.34
-4.36
-2.91
-3.59
-2.69
-2.61
-3.78
-3.21
-3.60
-0.94
-1.64
-1.12
-3.95
-4.50
-6.63
-7.80
-6.15
-5.48
-3.86
-6.76
-5.31
-5.12
-6.70
-11.18
-10.63
-4.69
-8.03
-9.18
-8.80
-9.92
-6.62
-2.11
-0.14
-2.63
-3.05
-5.14
-8.07
-5.24
-6.40
-0.92
0.15
1.30
0.17
-2.23
-9.42
-7.03
-5.33
-5.86
-5.52
-6.65
-6.23
-5.24
-3.84
-0.64
-1.96
-5.19
-6.41
-10.90
-8.71
-8.02
-7.56
-6.56
-7.26
-9.96
-9.58
-10.48
-9.25
-3.63
-0.97
0.25
-2.01
-3.47
-2.23
-1.52
-0.79
-1.14
-6.41
-6.12
-4.73
-4.90
-6.13
-3.76
-2.48
-4.27
-6.05
-7.18
-6.37
-6.05
-4.64
-3.72
-3.56
-5.95
-9.51
-8.89
-8.22
-6.16
-4.00
-2.09
-0.98
0.36
1.85
3.75
4.09
5.17
3.99
4.24
3.45
3.57
6.13
2.65
0.80
3.29
5.18
0.06
0.07
3.26
2.39
5.48
8.33
7.60
8.26
9.13
7.82
7.87
7.37
5.98
5.13
4.84
5.13
6.92
7.39
7.81
7.56
5.76
2.10
0.07
-3.44
0.49
3.23
4.21
4.52
6.32
5.53
6.78
7.85
7.61
8.56
7.85
8.09
8.83
7.21
4.73
1.08
0.15
1.78
4.47
5.09
5.74
5.15
8.45
9.84
9.97
9.88
6.29
7.04
8.10
7.34
8.57
9.99
10.16
8.35
8.04
5.60
5.50
5.73
7.35
7.79
9.72
10.52
12.26
11.69
10.50
10.08
9.50
9.30
7.90
9.59
10.58
9.30
7.68
6.40
3.01
3.21
5.54
8.19
10.18
11.05
5.69
6.62
1.49
4.03
4.28
5.26
6.08
5.04
1.07
0.24
1.86
1.49
1.72
6.05
4.97
6.20
7.41
6.92
5.59
6.14
7.84
6.42
6.34
6.68
6.81
5.47
7.08
8.14
7.11
6.54
6.27
8.44
6.45
5.53
6.34
5.90
2.51
-1.53
0.07
-1.34
-1.66
2.54
4.35
5.67
5.26
3.89
4.17
3.64
5.18
6.58
2.57
5.09
4.60
6.34
9.50
11.17
5.61
3.05
3.27
2.01
1.17
1.45
1.05
2.61
7.55
6.27
4.91
4.95
2.04
2.48
1.89
1.27
0.82
-0.70
-2.31
-3.52
0.12
0.88
-0.82
-1.48
1.63
-2.49
-3.01
-0.56
1.11
-1.47
-8.22
-9.77
-5.28
-4.65
-5.35
-8.34
-10.74
-8.32
-5.63
-7.90
-5.71
-3.50
-3.37
-3.04
-2.22
-0.01
1.48
4.74
6.92
5.95
3.90
2.12
3.58
0.10
0.30
0.52
-0.03
0.31
0.46
-2.82
0.43
-2.62
-6.91
-0.92
-4.57
-5.98
-8.29
-1.13
-6.77
-10.60
-12.29
-7.59
-3.09
-6.72
-6.99
-6.80
-4.64
-2.99
-6.90
-9.29
-10.50
-12.86
-12.01
-14.89
-12.62
-4.84
-6.67
-9.13
-9.78
-9.18
-8.43
-7.13
-10.75
-10.52
-7.91
-6.23
-4.64
-4.39
-6.12
-6.50
-6.36
-8.25
-7.39
-6.21
-6.86
-2.89
-4.21
-6.50
-6.50
-0.78
-2.13
-0.95
-2.16
-7.99
-6.35
-6.74
-1.34
-2.97
-2.38
-6.24
2.27
2.97
-3.67
-6.12
-2.88
-2.20
-4.60
-3.04
-4.25
-4.99
-3.14
-6.24
-7.46
-6.82
-6.40
-3.82
-1.90
-2.58
-1.04
-1.81
-2.81
-0.27
4.45
-1.09
-4.07
-2.33
-4.26
-5.23
-7.20
-9.30
-9.21
-6.93
-8.55
-5.89
-7.65
-8.43
-7.07
-7.57
-5.71
-6.08
-5.60
-5.73
-7.20
-5.78
-5.30
-6.50
-6.26
-4.97
-1.44
-0.05
-3.46
-4.77
-0.63
1.17
-4.02
-9.32
-9.44
-8.86
-8.82
-7.29
-7.86
-9.99
-8.90
-5.20
-4.34
-3.53
-1.75
-0.78
-1.38
-1.01
-0.96
-1.99
-8.08
-10.05
-9.85
-9.30
-6.55
-6.80
-5.12
-6.52
-5.17
-4.11
-2.41
-2.18
-1.70
-1.00
-1.12
-1.74
-0.68
-0.32
-1.21
-2.57
-0.50
1.72
2.90
2.25
0.22
-2.14
-4.70
-3.79
-3.17
-2.12
-0.59
-0.72
-0.37
-0.18
-0.45
1.11
1.20
0.09
-0.37
-1.93
-3.42
-1.63
-3.28
-1.36
2.93
5.55
7.30
7.13
5.22
2.84
3.30
2.02
3.38
7.15
11.96
11.30
3.93
4.28
2.69
2.20
4.15
3.10
2.47
0.74
1.11
0.76
-0.56
-0.01
-1.37
0.85
1.82
1.77
1.52
-0.15
1.41
4.50
5.48
5.68
5.71
4.19
1.29
0.83
1.07
1.79
3.06
6.52
6.67
3.65
4.43
6.53
8.28
7.39
0.09
8.94
11.02
10.94
12.27
10.75
8.91
10.73
9.40
7.44
9.68
11.19
13.94
14.84
12.23
10.89
12.52
12.75
8.23
7.88
9.19
8.25
5.85
6.89
10.17
9.58
5.30
7.18
8.50
7.98
9.39
11.99
9.38
5.65
5.54
7.43
7.77
6.58
7.31
8.44
7.59
2.61
4.24
7.48
8.22
9.75
7.70
4.70
7.25
7.88
3.13
2.14
5.67
9.48
5.42
7.09
8.16
10.21
8.08
7.90
9.79
9.57
8.64
7.51
5.51
5.98
5.87
4.46
4.70
4.37
4.88
6.13
10.68
7.22
9.28
6.47
5.44
5.15
4.96
-1.88
-6.16
-4.80
-1.89
-4.43
-4.82
-3.45
0.36
3.47
-0.79
-4.02
-5.24
-1.27
1.81
3.75
-0.15
-0.81
-4.95
1.91
5.09
6.42
3.25
4.69
3.24
-0.76
-5.18
-10.25
-4.88
-1.82
-0.51
-3.19
-1.39
-0.27
-2.21
-2.57
-5.23
-4.06
1.01
3.27
4.50
3.02
-1.58
1.25
5.60
4.49
4.89
4.90
4.63
1.74
-4.31
-6.94
-10.51
-14.41
-14.08
-8.89
-6.57
-12.11
-13.99
-10.71
-9.20
-14.40
-14.08
-7.70
-3.35
-1.78
-2.98
-3.07
0.01
-3.59
-8.22
-5.18
-9.15
-10.97
-7.51
-8.69
-7.84
-0.69
3.17
0.08
-9.47
-12.37
-8.56
-4.47
-2.79
-1.65
-5.70
-5.67
-3.42
-6.62
-13.95
-11.83
-16.04
-13.76
-8.62
-7.65
-7.46
-6.76
-11.89
-8.36
-10.33
-11.87
-8.18
-10.09
-7.00
-10.26
-7.83
-5.39
-3.82
-3.86
-2.08
-3.07
-3.81
-2.60
-5.79
-6.33
-3.45
-3.86
-3.52
-3.05
-7.52
-12.63
-6.01
1.32
5.17
0.53
-6.84
-10.30
-9.49
-8.11
-3.07
-2.32
-3.96
-6.91
-14.73
-14.65
-11.11
-13.56
-11.18
-11.40
-10.86
-9.02
-8.57
-7.93
-3.30
-3.90
-4.74
-7.46
-8.84
-4.47
-3.78
0.75
1.22
-0.54
2.00
3.62
-1.45
-5.52
-6.97
-7.01
-7.80
-10.24
-12.53
-3.23
-0.84
-3.23
-3.07
-1.03
1.61
6.44
1.59
1.50
0.21
1.19
-0.70
1.32
1.79
2.19
2.18
2.41
-0.24
-0.28
1.37
0.58
0.79
2.86
3.04
2.68
2.83
2.08
0.99
1.54
-1.35
-5.15
-6.31
-6.32
-4.23
-2.81
-1.91
-1.75
-3.05
-6.14
-9.30
-6.97
-4.23
-1.12
-0.68
-2.44
-4.31
-7.07
-6.61
-0.24
4.34
2.38
3.50
3.48
-2.27
-2.16
-1.44
-0.05
0.37
0.01
-0.87
1.56
4.75
6.32
5.97
0.92
3.04
2.56
0.76
-0.32
-2.70
-0.08
4.10
4.52
6.53
8.98
10.39
7.86
0.86
4.36
6.76
7.29
9.40
9.49
7.84
10.36
9.99
11.43
12.76
12.76
9.60
3.83
-2.16
-0.10
1.06
0.57
-1.63
2.37
4.05
3.06
2.61
4.62
6.16
0.67
3.37
7.39
9.58
4.80
4.01
5.60
6.75
7.90
8.53
8.80
8.45
7.89
8.07
6.01
6.41
7.89
8.31
7.39
0.80
-0.77
2.44
6.33
7.07
4.59
2.46
0.42
0.69
4.19
7.55
10.89
11.79
14.31
11.87
9.49
10.75
12.23
12.41
10.93
10.16
8.69
6.96
5.60
4.31
5.95
7.84
9.14
10.42
10.46
8.41
8.28
8.04
7.25
2.56
4.89
5.46
3.72
4.59
5.81
7.61
9.31
8.50
7.41
7.48
5.46
5.06
3.51
3.28
5.32
6.25
7.53
8.41
7.48
6.94
6.89
7.05
4.87
2.70
4.91
5.33
7.21
7.64
6.00
8.89
9.57
9.63
6.20
4.19
4.64
4.90
1.20
-1.18
0.47
6.00
5.65
0.85
1.70
3.25
6.11
8.45
3.11
4.58
5.85
3.02
1.46
3.10
-1.87
1.80
3.95
3.54
8.53
6.00
3.46
3.24
-2.76
-8.10
-8.10
-7.47
-5.84
-7.52
-5.60
-3.20
0.56
0.08
3.42
7.36
5.84
5.91
4.36
3.33
3.96
-0.46
-4.73
-4.38
-6.46
-3.46
-3.28
-3.26
-5.24
-5.67
-3.10
-2.11
-0.44
1.10
1.96
3.55
1.10
1.56
-0.97
-3.17
-3.27
-0.43
-8.88
-11.04
-5.34
-8.67
-11.12
-8.45
-1.69
-8.21
-8.25
-7.80
-5.00
-7.66
-6.29
-3.57
-7.80
-8.21
-7.04
-7.01
-5.64
-6.93
-5.71
-12.29
-7.88
-7.73
-8.65
-8.20
-8.02
-12.07
-10.59
-5.74
-3.92
-5.88
-3.12
-3.72
-6.08
-2.16
3.67
0.05
-2.83
-3.08
-3.96
-2.82
-1.32
-3.20
-3.73
-4.93
-3.35
-2.77
-0.84
-2.01
-3.47
-4.72
-5.54
-6.29
-6.63
-5.52
-9.12
-10.44
-7.91
-4.75
-7.94
-7.66
-4.10
-0.66
0.48
-0.82
-3.55
-4.84
-5.19
-3.63
-2.41
-3.56
-3.74
-0.58
0.00
-0.92
-1.86
-3.34
-7.12
-7.81
-5.86
-2.04
-3.07
-4.25
-6.08
-9.09
-10.53
-11.84
-13.48
-12.82
-12.42
-6.63
-1.64
-0.46
-8.19
-3.04
-5.94
-9.81
-12.03
-10.32
-8.54
-9.15
-7.29
-9.94
-6.39
-11.00
-10.47
-5.60
-5.69
-7.10
-10.87
-9.70
-7.89
-9.30
-8.10
-9.68
-7.00
-4.56
-3.29
-4.17
-4.00
-4.37
-8.37
-9.08
-2.61
-2.57
-1.82
0.43
2.07
-0.31
-0.07
0.14
-1.89
-1.84
-3.35
-4.20
-7.20
-6.54
-4.77
-2.34
-3.02
-1.11
-0.84
-4.27
-5.19
-3.73
-1.50
-7.62
-5.90
-3.07
-0.75
-1.94
-3.83
-8.55
-4.79
-3.21
-0.23
-0.15
-2.53
-5.22
-6.98
-4.22
-4.21
-3.92
0.70
1.46
2.94
3.29
4.14
3.99
3.91
3.57
3.67
3.07
3.46
2.82
2.03
-2.11
5.28
6.18
4.50
4.39
6.47
6.15
5.36
5.95
5.14
6.17
6.70
6.23
6.27
7.14
8.01
7.56
8.23
5.88
1.69
-0.99
0.26
1.76
4.51
9.49
6.48
3.60
7.33
6.30
8.64
5.33
8.31
9.80
5.90
1.40
3.46
3.88
5.12
8.84
10.45
9.72
7.39
12.25
13.12
12.23
13.15
12.40
13.15
13.02
12.73
12.00
10.92
10.78
10.90
9.39
8.82
9.02
9.71
9.95
8.82
7.55
4.34
4.94
5.57
5.02
4.72
6.56
9.39
5.46
9.40
8.82
6.47
6.24
7.12
4.96
4.45
5.37
7.37
8.73
10.21
10.79
11.09
10.97
10.60
9.80
6.70
9.72
8.35
4.98
0.98
3.29
5.27
3.58
7.11
8.07
5.80
6.15
6.43
5.83
1.57
3.04
7.54
10.39
11.82
10.22
5.15
2.51
5.03
6.47
6.92
7.13
8.03
8.22
8.39
7.71
7.48
6.81
6.21
7.78
8.47
6.69
5.26
2.98
3.01
7.61
6.13
3.80
3.00
4.62
3.59
2.83
4.52
3.38
2.76
-1.76
-5.09
-3.64
-2.82
-3.81
-2.26
-1.78
-0.14
3.49
-2.25
-4.97
-0.88
0.10
1.51
3.40
5.25
5.35
4.50
0.21
-1.99
-0.45
0.59
1.83
3.01
3.82
2.65
2.04
3.92
3.80
1.82
0.56
0.32
0.05
1.90
2.16
-0.27
-1.69
-0.44
0.25
-2.79
-7.59
-9.02
-4.96
-9.02
-1.76
-0.84
0.31
1.45
-0.03
2.72
-0.69
-3.12
-1.93
-2.41
-4.05
-2.40
-1.70
-2.48
-2.37
-3.18
-3.55
-3.56
-1.23
0.33
-0.75
-2.92
-4.14
-10.81
-7.29
-8.49
-9.70
-2.24
-0.16
-3.56
-12.93
-9.01
-2.13
-9.61
-11.92
-14.26
-7.63
-3.85
-3.74
-1.28
-5.62
-6.36
-2.67
-3.33
-2.35
-3.15
-1.15
-1.14
0.13
3.93
-3.01
-7.32
-2.52
-0.07
0.62
-0.05
-0.79
-10.57
-8.06
-5.37
2.36
1.60
-11.21
-14.55
-4.30
0.13
-2.76
-3.13
-1.91
0.43
0.49
-1.00
-0.25
-5.44
-10.45
-3.00
-12.42
-11.56
-11.55
-6.88
-11.00
-13.43
-15.38
-14.69
-14.83
-15.56
-13.69
-8.07
-10.57
-7.91
-8.96
-6.59
-5.71
-4.41
-4.49
-5.48
-6.19
-5.75
-5.21
-2.66
-2.96
-6.98
-6.48
-11.19
-11.36
-4.46
-3.21
-1.91
0.14
0.59
2.09
0.14
-0.29
1.26
2.63
0.99
-0.53
-5.45
-4.58
-2.65
-1.35
-0.78
1.74
-1.05
-6.40
-5.16
-2.68
-8.67
-11.97
-9.14
-8.00
-7.30
-4.94
-5.23
-5.89
-7.07
-9.95
-9.19
-8.82
-4.43
-3.75
-0.93
1.26
3.27
-1.05
-9.29
-11.25
-8.62
-4.02
1.59
2.79
1.93
-1.28
-0.44
1.52
0.86
-0.47
-2.21
-1.32
-1.39
-3.05
-1.79
-0.47
0.71
-2.43
-4.00
-2.95
-1.10
1.24
2.86
0.74
-2.43
-2.49
-2.05
-2.55
1.13
1.69
2.50
2.36
0.60
-0.50
-1.46
-1.60
1.53
0.31
-2.53
-2.91
-4.17
-4.27
-4.27
-2.70
-0.33
0.02
2.06
5.44
6.32
4.96
6.65
8.01
9.62
9.54
10.57
11.48
9.94
8.83
6.84
6.95
3.06
2.75
0.81
-0.19
1.26
-0.79
3.00
3.09
2.88
4.24
5.79
5.71
6.20
6.42
5.11
4.26
5.69
5.13
3.32
7.19
7.75
7.06
7.40
7.87
7.35
8.27
10.40
9.95
10.41
10.18
9.89
8.82
10.33
11.35
11.16
12.66
13.11
13.59
15.36
15.60
14.52
12.10
13.92
17.57
17.13
16.22
13.92
16.00
17.20
10.90
5.39
-0.28
3.04
4.63
3.59
5.69
9.02
10.05
8.08
7.17
6.44
6.60
8.42
8.91
7.90
7.32
9.61
8.60
7.56
7.88
8.15
7.61
6.83
7.04
7.87
8.91
8.47
6.89
7.81
8.67
7.86
7.16
2.29
5.11
9.16
7.44
4.91
9.20
9.67
8.38
-0.85
-2.49
1.77
7.39
7.62
1.58
-1.76
4.60
7.82
6.74
7.93
8.17
9.78
11.12
11.26
13.49
11.23
9.31
6.45
5.07
5.09
5.70
8.13
8.06
6.83
3.99
4.84
2.93
5.25
7.32
0.64
1.78
4.88
3.07
0.81
0.28
-5.33
0.96
6.85
5.24
3.92
1.18
2.02
2.42
2.74
3.98
5.18
1.64
0.61
1.18
1.70
5.48
5.87
2.14
1.48
0.75
2.07
2.89
3.69
4.26
3.85
4.16
3.74
0.31
-4.06
-2.15
-1.09
-0.95
-0.30
2.17
1.09
0.26
0.10
-1.15
0.60
-0.39
0.94
-1.93
-5.33
-7.56
-3.82
-6.37
-2.31
0.01
-2.49
-1.82
-4.14
-11.29
-6.07
-2.67
-7.03
-8.61
-7.97
-7.22
-4.90
-4.13
-4.20
-6.89
-5.74
-4.46
-3.81
-4.45
-4.74
-0.02
2.57
4.67
-2.91
-1.40
4.88
3.44
3.59
1.86
2.31
0.78
-3.39
-12.78
-12.38
-6.45
-3.96
-10.81
-13.10
-12.79
-3.51
-7.65
-6.75
-2.16
-9.72
-7.27
-4.70
-11.50
-7.82
-7.51
-4.45
-6.15
-7.38
-12.71
-12.78
-5.08
-6.37
-9.47
-8.65
-8.51
-8.09
-8.95
-7.16
-5.22
-2.20
-1.15
-7.18
-6.37
-9.11
-13.22
-10.45
-8.65
-6.75
-8.64
-11.34
-11.25
-10.55
-10.06
-9.65
-11.74
-10.39
-8.06
-10.32
-10.44
-9.37
-6.97
-8.13
-9.84
-9.46
-8.60
-4.88
-8.03
-14.09
-10.75
-4.01
-1.08
-2.02
-10.16
-14.55
-12.49
-8.63
-9.05
-9.11
-6.16
-4.70
-6.43
-6.57
-7.28
-7.47
-6.99
-6.56
-6.02
-7.16
-4.06
-5.52
-7.09
-6.00
-1.73
-7.75
-9.21
-5.76
-2.56
-9.05
-12.32
-9.07
-8.13
-8.47
-6.70
-6.82
-6.77
-5.60
-7.71
-5.17
-4.47
0.95
1.26
-5.04
-8.70
-4.10
-0.17
0.86
2.13
2.10
3.39
4.32
2.28
1.47
2.71
1.27
-3.24
-5.64
-1.19
0.89
0.28
-0.06
0.82
2.51
0.31
-0.53
-0.23
-3.20
-5.26
-5.17
-4.09
-3.01
-1.02
-1.57
-1.70
0.37
-0.87
-1.72
-2.43
-1.88
-2.42
-1.54
-1.52
-0.62
-2.66
-5.10
-5.18
-2.68
0.34
2.89
4.81
2.47
-2.58
-2.46
-2.04
-1.90
-0.50
1.92
3.57
3.34
3.89
5.66
7.49
6.34
5.75
6.24
6.62
8.38
9.76
7.60
5.52
4.10
1.83
5.92
6.88
7.88
5.47
3.48
5.32
9.18
4.10
1.45
1.25
4.13
5.50
8.43
9.64
13.04
14.45
16.03
10.77
6.21
7.35
5.43
1.44
1.61
5.84
6.84
8.71
9.97
10.13
11.28
10.59
8.51
4.18
5.11
6.31
11.37
12.68
11.38
5.49
8.62
8.85
9.03
6.15
4.94
5.26
3.74
3.60
4.92
4.50
4.82
5.71
4.43
5.61
6.01
6.01
7.01
7.86
8.29
8.39
8.33
8.33
4.77
3.07
5.13
6.39
6.90
6.80
7.04
6.46
9.03
12.14
10.23
9.01
2.32
-2.62
-2.35
-1.32
0.65
0.60
2.41
7.31
9.39
6.32
0.17
0.31
1.98
0.36
2.45
7.04
3.03
-0.88
-0.10
-4.04
-3.07
-1.30
3.22
5.04
5.26
4.36
3.56
-1.18
-2.13
-0.57
-1.53
-2.50
-2.82
3.72
4.88
5.59
4.81
4.91
5.63
8.00
7.83
6.93
4.77
3.20
1.94
0.11
-2.12
3.11
3.09
2.77
4.32
-0.14
-0.73
2.14
4.98
5.49
5.77
5.85
2.96
-1.32
-0.92
-0.09
0.95
1.43
5.21
4.87
6.07
4.77
2.90
1.49
-0.40
-3.75
-3.93
-7.00
-6.28
-4.74
-4.62
-3.64
-0.31
1.99
0.72
0.76
-2.60
-3.16
3.47
3.76
2.04
-0.72
-4.93
-2.09
-1.80
-0.65
0.50
-0.18
-1.33
-3.87
0.52
3.98
3.21
-0.39
-5.84
-3.01
-3.27
-3.12
-5.52
-8.56
-3.68
-2.86
-3.86
-2.26
-4.25
-10.51
-8.87
-10.66
-11.52
-8.37
-7.18
-9.60
-10.55
-14.59
-17.70
-17.44
-22.77
-20.76
-19.68
-20.51
-18.56
-17.38
-14.89
-15.13
-14.27
-14.31
-13.37
-9.37
-7.21
-5.39
-7.03
-6.64
-3.28
-1.29
-2.92
-10.34
-6.63
-5.21
-6.90
-6.83
-6.22
-0.96
0.46
-1.11
0.21
0.53
3.49
-0.30
-3.34
-0.95
-0.49
-3.40
-5.14
-8.04
-8.01
-6.72
-6.45
-3.89
-4.54
-4.58
-7.58
-10.30
-6.55
-5.99
-7.30
-4.65
-0.53
0.69
-1.60
-5.02
-5.33
-4.24
-7.80
-4.49
-4.15
-5.93
-5.38
-4.69
-2.66
-3.54
-4.83
-8.23
-9.91
-5.57
-7.17
-11.22
-12.82
-15.02
-13.86
-12.64
-9.76
-7.09
-6.77
-7.63
-7.87
-5.13
-4.44
-6.49
-11.07
-4.93
-0.59
-1.15
2.05
0.15
3.64
2.91
0.68
-4.06
-0.66
-1.44
-0.72
-5.44
-5.57
-10.02
-4.74
-7.89
-8.06
-3.37
-2.09
-1.47
0.96
1.86
1.75
0.50
-0.04
-0.45
1.17
-2.00
-3.40
-9.97
-8.05
-3.19
-2.15
-2.54
-5.32
-3.19
-2.79
-0.54
-1.17
-2.03
-2.08
-2.40
-0.65
-0.30
-0.09
-0.28
1.08
1.50
1.95
1.57
2.47
1.27
0.27
-1.67
-0.12
1.63
5.06
7.11
6.70
3.04
3.15
5.59
6.92
6.62
6.38
7.66
7.61
8.02
7.91
3.06
-1.74
-3.06
-0.62
-0.60
5.10
4.53
6.12
2.40
1.81
0.73
3.53
3.10
-0.82
4.72
1.01
0.49
1.26
3.43
7.14
2.77
3.25
6.43
6.51
8.11
9.62
13.79
12.00
6.06
7.31
9.23
9.35
8.96
7.12
7.81
8.93
10.67
13.70
10.89
8.51
9.05
10.12
9.15
7.54
5.86
9.84
12.41
12.25
13.06
13.82
11.77
11.93
8.47
3.85
2.72
4.81
6.71
8.45
6.51
9.27
-0.11
-0.15
6.75
9.85
7.55
10.20
11.55
11.81
12.49
11.61
9.82
6.85
8.24
10.31
10.69
14.21
11.57
9.91
10.53
3.24
-0.57
2.51
6.59
9.21
9.27
9.33
6.86
7.56
6.01
4.18
8.46
5.87
8.40
7.59
6.91
7.52
9.51
9.64
8.76
4.77
3.41
2.29
9.62
11.08
8.81
7.58
8.89
9.31
10.05
9.35
8.99
9.79
9.79
9.79
10.64
9.94
8.39
8.01
9.69
9.87
6.48
5.08
6.03
1.08
0.85
6.04
10.69
9.66
7.59
6.94
7.36
6.55
3.52
1.90
1.73
1.12
0.45
1.56
2.78
0.81
-0.92
1.32
1.58
2.61
1.49
0.49
-1.05
-2.89
-7.05
-4.77
-1.16
2.03
-4.66
-1.09
2.67
6.33
1.18
-4.40
-4.84
-11.16
-10.29
-4.62
-6.29
-5.17
-7.03
-8.50
-4.82
-6.45
-8.06
-8.10
-7.91
-7.96
-8.06
-8.63
-9.71
-5.27
-0.82
2.87
4.62
6.55
5.48
3.56
-2.58
-0.65
-3.67
-3.72
-6.36
-4.73
-4.18
-2.08
0.36
3.25
3.61
3.06
1.38
-2.95
-1.34
1.03
2.47
-3.20
-4.34
-1.90
-7.06
-7.19
-2.56
-6.29
-5.72
-6.23
-9.09
-6.59
-7.92
-10.46
-7.28
-11.76
-7.91
-6.25
-7.56
-2.81
-3.90
-10.52
-7.14
-4.62
-10.01
-12.00
-12.88
-4.47
1.02
-6.44
-4.44
-8.12
-3.76
-11.62
-15.66
-15.80
-14.76
-9.74
-8.93
-8.57
-7.31
-8.77
-7.99
-6.50
-7.01
-8.95
-10.26
-14.99
-16.09
-24.03
-20.62
-9.34
-9.19
-9.02
-8.23
-7.61
-6.32
-5.40
-5.99
-7.71
-8.34
-6.74
-6.14
-3.94
-7.06
-6.69
-8.19
-5.65
-3.53
-0.21
-2.39
-5.16
-4.02
0.83
-3.50
-7.40
-6.38
-6.12
-5.42
-4.56
-5.86
-5.55
-3.24
-4.13
-5.00
-3.30
-5.24
-5.63
-6.40
-10.14
-8.55
-1.77
-1.71
-10.35
-10.56
-0.95
0.51
-6.38
-7.09
-3.40
-4.81
-1.78
-2.08
-6.52
-5.15
-1.64
-0.75
-1.35
-4.05
-6.59
-7.63
-12.21
-12.31
-7.72
-4.95
-4.96
-5.85
-8.41
-9.20
-6.79
-0.85
-0.98
-0.57
-0.69
-0.84
-1.33
-4.62
-3.19
0.07
1.52
4.35
2.61
2.92
1.62
2.58
1.47
1.35
-2.20
-0.30
4.36
4.68
6.38
6.97
3.11
2.41
3.60
6.58
8.33
8.61
9.25
4.97
6.88
6.40
4.04
7.24
7.93
6.11
3.70
-3.34
-5.59
-4.13
-1.88
0.20
1.88
-1.74
-4.29
-5.25
-2.96
1.55
6.18
6.83
2.99
-0.42
5.52
7.39
6.94
7.48
7.11
7.47
8.52
7.65
9.91
11.78
11.32
8.55
11.76
14.44
15.25
14.76
14.11
11.11
9.65
9.61
8.86
9.73
10.82
6.34
4.07
3.08
2.66
5.53
8.95
6.78
5.37
4.36
6.60
9.62
9.80
6.24
4.65
4.92
6.93
9.75
9.25
3.96
8.06
9.15
9.61
10.80
11.60
12.88
11.97
10.44
13.06
14.55
11.23
9.33
11.61
9.97
9.42
9.75
10.52
9.77
4.37
6.63
7.46
10.01
11.64
13.42
9.18
5.08
5.29
9.49
10.61
4.09
0.91
5.71
7.59
2.83
-0.42
-2.91
-1.66
0.66
2.97
7.12
7.59
4.77
7.74
8.60
7.15
6.72
4.14
3.74
6.61
6.44
7.47
8.86
10.02
11.33
8.40
7.77
8.70
7.43
7.06
8.19
8.70
6.76
4.66
3.84
3.63
4.05
6.12
9.37
8.98
9.30
7.95
8.00
7.76
7.37
8.14
7.53
6.68
5.00
3.59
4.32
6.78
7.03
5.48
6.06
4.96
3.65
-0.27
0.62
0.91
4.11
-3.68
-2.42
-3.21
-6.97
-2.74
3.03
1.08
2.00
1.23
1.51
-5.16
-4.04
-3.12
0.12
1.38
6.18
2.62
1.85
2.18
1.71
-1.09
0.08
1.60
3.16
1.42
-0.11
-1.04
0.02
-1.64
-4.15
-1.19
-7.15
-5.19
3.76
0.36
-4.49
0.02
-5.31
0.15
0.99
1.54
1.83
2.63
1.82
-0.52
-1.37
-0.58
-3.34
-3.47
-0.77
-1.94
-3.43
-5.97
-4.73
-7.60
-9.15
-3.22
-8.52
-11.67
-12.38
-14.83
-15.92
-16.39
-9.94
-5.95
-11.39
-7.89
-5.13
0.22
-4.33
-0.83
-7.40
-9.25
-7.02
-4.84
-9.79
-13.64
-13.08
-6.43
-7.53
-16.77
-19.71
-8.08
-5.19
-9.64
-10.10
-8.30
-3.87
-3.63
-4.10
-4.34
-3.45
-3.36
-1.19
-2.20
-2.04
-1.70
-3.17
-3.38
-2.67
-3.90
-4.22
-2.69
-3.87
-2.66
-2.87
-0.41
-1.44
1.06
2.72
-3.03
-3.82
-3.80
-5.93
-5.51
-9.14
-12.33
-13.61
-15.35
-12.84
-8.24
-12.13
-12.33
-5.41
-2.72
-3.54
-4.59
-2.23
-3.42
-2.08
-2.10
-11.11
-9.32
-10.98
-10.51
-6.67
-5.31
-6.47
-5.97
-8.23
-9.17
-9.48
-10.21
-8.78
-12.78
-8.87
-6.91
-10.54
-14.99
-11.45
-9.95
-6.41
-3.38
-1.31
-2.35
-0.62
-5.19
-10.01
-12.08
-12.76
-9.68
-6.24
-2.06
-4.61
-4.69
-2.59
0.22
0.25
-0.87
-5.30
-6.28
-7.39
-8.85
-5.38
-1.43
0.95
2.85
3.30
2.58
-0.09
-4.81
0.16
1.42
2.80
1.92
1.07
2.06
4.97
6.54
3.71
4.66
4.30
-3.87
-9.30
-6.70
-3.18
-3.58
2.53
3.98
2.26
0.27
-1.94
-6.26
-5.46
-3.35
-5.09
-1.30
-1.12
-1.96
-2.64
-5.26
-6.27
0.15
2.10
3.62
4.54
1.35
0.54
-0.81
2.77
2.89
1.08
3.48
3.77
0.12
1.34
6.04
6.25
0.02
-1.63
0.54
4.33
6.64
7.68
7.66
1.04
-3.52
-2.83
-1.22
-0.68
-1.32
-0.11
1.42
3.77
4.49
6.72
3.60
4.79
9.96
11.69
12.00
10.85
9.92
10.42
10.93
11.50
10.41
8.60
6.96
6.38
8.69
10.30
9.96
10.82
11.13
9.14
8.24
6.50
3.13
3.22
3.86
2.87
4.60
6.65
8.55
6.58
1.74
3.01
4.57
7.82
5.32
3.71
5.80
7.47
9.09
6.37
1.18
4.80
3.36
5.44
5.62
6.71
8.22
8.61
12.69
14.15
13.44
14.45
14.32
8.37
10.34
13.08
12.72
12.93
8.67
6.02
1.44
2.69
3.41
4.58
11.30
11.11
12.80
9.68
7.82
7.71
6.63
6.09
4.57
9.06
6.28
4.73
7.30
8.37
12.12
13.73
14.21
13.82
14.04
13.91
13.09
12.08
10.94
11.21
10.96
7.41
3.73
4.96
6.25
3.09
3.33
1.85
0.56
1.25
3.78
5.79
6.52
5.69
3.00
1.66
-0.19
1.52
3.55
2.18
-2.48
-1.55
-0.18
3.62
6.05
1.93
4.19
6.86
8.45
3.32
-0.39
1.46
2.50
4.06
9.46
9.92
5.57
2.64
3.36
6.56
3.63
0.86
1.19
3.64
4.26
4.77
4.81
2.01
-0.76
-0.68
-1.57
-1.12
-2.37
-8.47
-5.92
0.52
-1.60
1.81
3.26
-6.32
-8.29
-8.09
-6.60
-4.45
-7.18
-7.74
-9.23
-11.21
-8.30
-5.39
-4.55
-5.66
-4.66
0.31
-0.49
-4.39
-4.16
-3.75
-5.70
-6.75
-4.12
-3.10
-3.53
-2.40
-2.67
-1.01
0.48
4.16
0.10
3.95
6.58
6.85
4.67
1.57
-0.88
-1.87
2.70
3.33
3.06
3.21
1.30
-4.89
-0.18
-5.76
-4.29
-0.91
-1.15
-9.48
-7.82
-1.77
0.89
-3.91
-3.71
-2.65
-2.90
-3.34
-2.95
-3.69
-2.14
-2.73
-4.48
-9.24
-7.75
-8.63
-3.46
-3.99
-6.05
-1.15
-1.84
-5.24
-10.54
-12.06
-2.59
-8.02
-6.35
-6.85
-4.62
-4.29
-8.21
-7.91
-4.71
-11.05
-8.25
-10.11
-7.95
-0.51
1.16
0.87
-1.52
-0.71
-5.25
-5.42
-4.42
-2.38
-6.66
-14.00
-15.69
-16.25
-14.27
-7.55
-13.47
-16.13
-14.49
-8.76
-10.14
-11.29
-10.50
-10.53
-13.64
-12.39
-8.48
-8.57
-7.63
-5.70
-4.02
-2.10
-4.31
-7.26
-2.72
0.11
0.35
-0.24
-5.92
-5.37
-4.40
-3.64
-6.47
-9.82
-8.18
-5.55
-5.81
-8.63
-9.05
-6.74
-4.51
-2.45
-1.79
-2.09
-1.98
-2.43
-2.70
-3.15
-0.34
-1.38
-2.72
-0.87
-0.65
0.18
0.07
1.43
2.27
-1.52
-0.94
1.77
1.18
-0.46
-0.99
-1.38
-1.62
-2.83
-1.78
-1.38
1.92
0.99
-1.37
-1.00
1.37
7.13
9.81
5.03
2.72
2.08
2.47
3.12
3.65
3.63
4.04
3.61
2.04
1.19
0.43
-1.07
-1.11
2.53
3.56
4.70
5.99
4.01
1.42
-0.43
-0.43
0.45
-0.51
0.40
4.81
7.54
2.03
-2.61
-3.04
-2.03
0.35
2.63
4.85
4.96
3.22
4.62
3.53
4.49
4.94
4.70
3.14
4.56
5.73
5.14
6.41
6.79
7.04
5.17
4.31
4.50
4.65
5.88
7.74
6.27
3.39
2.68
5.38
9.24
6.80
6.64
6.09
5.96
10.46
10.08
7.91
9.24
3.73
0.37
2.13
6.18
7.51
11.10
12.70
11.39
12.12
13.26
7.32
10.35
13.04
8.94
12.99
8.70
6.49
10.16
11.63
11.98
9.95
5.95
8.98
10.15
10.99
10.25
9.82
11.71
11.18
11.29
11.06
12.36
11.42
10.57
10.52
11.33
10.86
5.91
2.03
0.90
2.28
3.50
1.05
4.86
11.20
11.99
6.76
4.95
7.45
7.49
0.66
3.91
7.52
8.88
9.76
10.44
7.69
8.31
6.99
6.48
5.58
-0.18
-2.80
-2.97
-2.83
-0.26
4.99
7.57
6.66
4.58
5.09
2.21
3.74
6.59
8.48
8.00
9.04
6.30
2.06
3.75
5.23
4.51
3.28
2.31
1.47
-0.84
-1.57
7.37
3.63
4.95
1.49
2.28
6.15
8.53
9.20
9.44
9.33
3.76
-1.32
-0.56
3.96
3.39
2.16
4.96
7.07
8.29
7.59
5.65
2.10
0.44
1.64
-0.76
-0.55
-2.23
-0.17
2.51
3.22
1.83
1.45
0.87
1.80
2.27
0.92
2.22
2.89
1.85
0.94
-1.95
-4.17
-7.49
-14.93
-17.76
-11.19
-5.41
-1.54
-1.28
-0.77
-1.28
-0.55
-0.70
-4.06
-5.18
-6.81
-2.41
-1.31
-10.09
-12.33
-9.16
-3.99
-0.72
1.36
-3.28
-5.14
-2.69
-5.76
-5.76
-6.87
-6.23
-2.01
-10.64
-1.58
2.02
0.35
0.05
1.38
-1.02
-0.59
1.84
2.56
1.66
1.07
1.30
-1.24
-2.29
-2.77
-7.97
-4.16
-0.80
2.67
5.00
0.42
-1.52
-3.20
-1.97
-0.71
2.27
1.33
-0.70
-0.97
-1.80
-3.72
-6.71
-8.11
-3.71
-4.78
-4.37
-3.75
-1.80
-1.07
1.38
0.81
0.24
-1.56
-1.47
-3.16
-4.82
-4.40
-1.61
-0.87
-1.04
-2.65
-3.29
-1.24
-1.18
-3.26
-8.86
-4.05
-2.28
-2.08
-1.15
1.19
1.40
0.43
-1.73
-1.47
-3.82
-4.76
-10.04
-9.73
-8.81
-9.25
-4.66
-4.86
-2.01
2.69
3.38
0.97
-7.41
-0.51
4.74
5.77
5.47
-0.05
-3.83
-1.17
1.27
-1.19
-6.10
-0.35
-2.18
-5.56
-1.56
-5.46
-1.83
1.65
5.10
4.62
4.69
4.36
4.67
3.29
-1.84
-0.75
-0.24
-1.35
-6.41
-6.41
-3.38
-0.12
1.03
0.81
1.85
0.90
-5.38
-6.40
-4.16
-4.19
-6.11
-4.32
-4.20
-2.30
-5.53
-9.02
-3.13
-0.67
1.29
-3.37
-7.95
-8.84
-7.92
-6.31
-3.78
2.26
3.52
5.31
6.33
4.73
4.06
3.61
3.95
2.24
1.57
0.17
-0.45
-2.55
-0.55
2.63
3.61
3.64
4.46
4.77
5.22
5.86
6.18
6.12
4.68
3.74
3.86
3.04
3.25
3.34
3.64
1.01
-0.28
-2.81
-2.24
-3.32
-3.03
-2.47
-0.48
2.44
2.92
5.21
7.78
6.59
6.54
5.67
5.16
5.07
7.00
6.98
8.42
9.21
5.12
2.77
7.20
8.84
7.69
7.59
2.81
5.24
6.69
6.68
4.54
3.34
5.48
9.18
13.26
11.54
8.05
8.07
6.56
6.40
7.67
7.96
5.92
7.00
9.12
7.68
7.33
8.50
11.44
14.91
14.48
14.00
11.76
9.48
9.75
8.70
8.38
10.84
10.64
5.00
0.19
1.44
7.31
10.85
9.13
8.64
11.02
7.76
6.60
7.76
7.27
8.60
10.77
10.26
13.12
13.71
10.37
9.52
10.73
11.17
11.83
10.23
9.99
10.08
9.44
8.48
5.92
-0.67
2.97
5.07
6.67
5.49
2.46
0.36
-0.03
3.32
4.57
4.85
3.32
3.48
5.02
3.33
3.81
2.63
2.53
4.54
9.01
8.83
9.57
7.74
8.01
8.46
6.91
2.33
4.98
3.62
1.66
2.24
-1.02
0.99
3.76
8.24
8.14
6.40
4.88
5.38
4.20
-0.92
-4.60
-5.46
-4.26
-1.40
-0.33
1.58
-0.85
-0.91
3.94
7.34
4.93
2.48
1.42
7.22
9.30
9.32
8.43
9.15
9.14
7.93
4.38
1.90
3.89
5.35
6.07
3.66
1.38
-4.97
-6.17
-9.31
-6.93
0.92
-4.61
-2.00
1.76
1.43
0.92
1.09
2.05
1.90
0.26
-0.96
0.24
1.19
-0.14
-1.80
-4.03
-4.60
-6.26
-4.26
-0.54
2.65
-1.80
-4.00
-2.24
-1.93
-1.11
-3.42
-2.08
-2.81
-0.59
-1.92
-2.74
-2.96
-5.42
-2.59
-1.56
1.48
1.41
4.88
-0.23
1.30
-4.16
1.32
2.98
-0.53
-6.19
-1.25
1.01
1.19
-2.46
-3.83
-3.38
-4.69
-6.16
-5.79
-4.81
-4.22
-6.43
-5.49
-6.28
-8.10
-7.79
-5.05
-4.54
-3.90
-4.06
-4.87
-6.66
-3.46
0.53
-1.14
-4.76
-2.20
-2.92
-1.11
-1.30
-0.30
-3.82
-2.95
-7.39
-6.24
-3.22
-3.99
-4.91
-0.59
-3.83
-4.13
-2.12
-0.70
2.57
3.17
-0.29
-0.55
-6.00
-3.45
-9.64
-10.09
-7.66
-2.82
-1.45
-3.94
-1.78
1.79
1.75
4.02
1.73
2.20
1.19
2.11
1.24
-2.79
-4.18
-5.24
-7.32
-12.92
-12.61
-5.32
0.85
-1.17
2.41
1.15
-1.69
1.46
5.76
2.20
1.47
-0.44
0.42
0.73
-1.10
-1.77
-3.07
-0.35
3.39
4.73
-0.84
0.63
-7.93
-10.93
-10.57
-9.03
-6.51
-1.14
0.41
0.90
-1.24
-3.29
-6.05
-3.28
-1.59
-1.57
-2.26
-2.59
-6.17
-5.55
-5.54
-1.97
-5.92
-6.32
-7.97
-7.04
-9.81
-7.51
-6.70
-4.63
-3.89
-5.04
-4.12
-2.72
-2.79
-2.42
0.93
3.65
3.01
4.08
4.20
4.24
4.38
3.17
2.04
1.23
1.73
2.13
2.79
1.77
2.03
3.17
3.38
4.37
5.40
6.05
4.99
4.23
4.53
2.82
3.71
4.23
3.34
1.79
2.46
0.91
0.04
-0.40
-0.49
3.05
5.29
3.13
3.26
3.15
3.37
0.86
3.82
0.34
-2.26
-2.20
3.39
0.95
0.98
2.47
1.87
4.26
5.58
4.31
7.38
5.14
3.49
3.62
4.35
6.68
10.76
10.67
9.19
8.69
9.74
10.95
4.77
3.79
1.91
3.30
5.24
0.47
3.98
8.65
10.29
3.67
5.94
9.93
10.89
10.30
10.24
11.01
9.96
8.59
8.80
12.04
13.95
13.64
12.62
9.87
9.43
10.31
11.71
13.47
9.67
9.79
11.03
11.81
13.47
13.81
13.24
12.93
8.07
4.03
5.09
7.90
8.73
10.38
11.47
10.33
8.02
7.13
8.65
3.24
7.41
9.81
11.18
8.29
8.34
12.29
12.97
7.50
7.14
7.70
8.63
9.05
8.73
3.36
4.71
6.06
7.86
6.82
4.36
6.24
1.82
3.25
6.30
6.26
3.34
5.35
6.22
7.46
5.72
6.04
5.20
4.26
7.75
4.75
3.22
6.66
5.64
0.02
2.02
3.71
2.39
7.30
9.85
8.48
5.65
6.87
6.50
4.16
5.27
7.88
3.41
2.17
8.58
9.29
8.80
6.64
8.60
8.56
8.76
5.00
4.43
1.88
2.31
1.75
5.14
6.59
2.40
0.55
-0.56
-0.82
-3.84
-1.12
0.70
-0.15
1.02
-3.83
-5.21
-7.60
-9.00
-8.55
-6.92
-3.41
1.66
1.36
0.16
-0.50
-0.88
1.21
-0.41
-3.61
2.44
4.34
-0.35
-3.57
-0.72
-2.99
-3.82
-9.00
-7.08
-5.47
-7.68
-6.99
-7.59
-7.41
-9.21
-10.99
-2.70
-0.76
-1.47
-8.32
-6.05
-3.10
-5.57
-6.14
-12.26
-9.98
-9.38
-11.73
-8.14
-9.10
-7.71
-7.56
-10.50
-10.42
-8.83
-7.28
-3.14
-1.54
-4.30
-5.08
-6.17
-6.64
-6.85
0.56
0.25
-1.63
-7.42
-1.82
0.93
-4.50
-7.25
-5.69
-3.62
-5.23
-2.81
2.69
-0.66
-5.83
-9.37
-4.58
-3.15
-6.30
-7.01
-5.73
-6.31
-5.97
-4.44
-7.49
-5.85
-4.27
-3.54
-3.02
-2.52
-3.80
-4.28
-3.07
-6.31
-9.40
-9.65
-9.77
-10.51
-12.37
-20.46
-12.94
-12.62
-10.14
-11.74
-17.08
-17.98
-16.38
-15.99
-12.43
-5.82
-3.78
-4.15
-3.54
-4.52
-4.24
-5.52
0.14
3.08
2.33
0.51
-1.30
-4.26
-3.33
-2.99
-2.37
0.49
1.72
0.28
1.32
0.99
-3.48
-2.99
-3.18
-1.72
-1.90
-2.01
-2.32
-0.50
-2.96
-3.19
0.79
2.55
1.49
-3.14
-3.51
1.85
0.90
-2.86
-3.27
-3.82
-6.87
-4.36
-1.44
-0.35
1.46
-0.79
-3.32
-6.67
-5.37
-3.17
-2.91
-0.00
0.78
1.91
-0.13
-2.20
-1.95
0.22
-0.09
-9.25
-12.03
-11.32
-10.83
-10.81
-9.57
-9.98
-8.07
-6.20
-3.62
-4.15
-4.15
-3.63
-1.74
-1.92
-2.99
-4.53
-8.72
-7.74
-6.64
-5.40
-2.81
-0.12
-0.64
-1.83
-2.21
-1.36
1.11
-1.80
-6.85
-6.32
-4.58
-3.35
1.41
5.59
7.70
4.95
0.78
1.41
2.77
4.44
4.35
4.35
4.42
4.98
5.45
4.12
2.22
-0.86
1.69
1.39
1.34
1.27
6.23
4.30
4.11
9.36
8.61
6.63
9.44
6.24
-0.68
-2.17
-1.30
1.82
7.27
9.59
9.95
9.87
11.08
9.81
3.57
-0.80
0.22
5.00
9.17
9.70
10.97
12.50
13.49
13.33
12.05
10.31
10.17
11.91
13.57
12.76
11.35
6.21
10.22
12.48
7.55
9.05
11.40
11.77
10.77
11.32
11.38
8.44
3.27
2.11
4.48
7.74
10.91
10.15
4.95
4.66
6.93
8.12
9.40
10.80
13.09
16.21
8.40
10.01
12.64
11.80
11.08
11.39
11.37
9.80
8.94
7.39
8.04
8.13
9.75
10.49
12.73
10.70
10.85
11.76
11.87
11.89
10.92
10.42
9.33
11.47
7.56
7.07
8.27
8.49
8.39
8.62
8.33
9.30
8.28
9.53
8.20
7.08
6.34
7.24
7.04
8.49
9.14
13.13
12.07
9.41
10.14
9.11
5.27
9.10
9.26
3.82
-1.59
2.02
3.87
2.14
2.05
4.54
8.83
8.65
7.61
-0.62
1.01
2.46
4.46
9.83
8.72
1.32
0.10
0.34
0.23
0.41
2.48
-2.51
-7.10
-8.16
-8.25
-7.01
-0.53
1.22
2.84
2.10
0.92
-0.28
-0.58
-1.07
-1.55
3.68
1.91
1.73
-1.77
-7.80
-8.33
-0.73
0.22
-4.48
-8.67
-2.04
-0.68
-1.51
-7.64
-4.52
-6.67
-9.73
-1.95
-4.16
-5.31
-6.80
-4.37
-4.03
-2.93
-0.29
3.23
3.26
3.36
3.42
-0.05
1.48
-0.93
-1.03
-0.89
-0.50
-5.21
-3.48
-1.04
-5.68
-8.40
-9.63
-6.64
-4.38
-3.76
-3.37
-6.51
-3.71
-5.57
-3.95
-9.45
-7.65
0.45
4.47
-6.79
-8.53
-2.67
-6.49
-2.25
-1.30
-1.90
-2.19
-0.95
2.42
0.72
-6.21
-2.66
2.14
1.25
0.69
-1.28
-7.54
-7.22
-5.90
-4.43
-1.78
1.36
2.76
1.17
1.26
-2.23
-8.58
-10.49
-9.92
-5.81
-4.20
-3.76
-6.05
-5.25
-2.16
-2.23
1.30
0.00
-1.26
-3.96
-4.35
-6.77
-2.39
0.35
0.73
0.53
-1.92
-6.98
-2.39
0.58
-4.00
-7.74
-2.25
-7.12
-15.00
-15.19
-9.22
-9.53
-8.06
-4.62
-0.91
2.61
-1.78
-4.47
-2.91
-3.64
-3.15
-3.87
-5.20
-0.34
2.11
1.57
0.62
1.56
-1.38
-3.65
-3.97
-7.40
-7.74
-5.07
-4.60
-3.98
-4.38
-1.21
-2.52
-3.17
-0.47
-1.95
-4.59
-5.37
-12.02
-11.98
-10.16
-8.96
-11.23
-9.71
-5.88
-6.52
-9.89
-7.64
-1.30
-1.46
-4.03
-5.89
-3.59
-3.16
-1.72
0.19
-1.14
-2.66
-5.35
-2.01
-5.53
-11.69
-11.40
-3.29
-2.42
0.23
2.64
1.70
0.42
3.83
5.72
4.83
1.86
0.46
-7.20
-6.55
0.42
-1.16
0.00
2.42
1.37
0.56
2.41
1.47
2.37
3.16
0.10
3.88
8.63
8.78
7.04
7.69
6.66
7.54
6.45
-0.55
-0.09
0.69
2.86
3.98
4.39
4.80
5.34
6.42
4.88
5.16
6.01
6.09
5.37
2.67
2.48
0.06
-0.58
1.02
0.15
2.27
3.46
2.21
1.87
4.06
7.79
9.36
7.79
7.32
6.32
0.96
0.18
1.47
6.67
6.07
4.40
3.30
5.00
5.84
7.13
7.92
7.88
4.08
4.46
7.75
3.36
2.13
3.02
4.22
5.39
5.48
4.84
2.67
3.29
5.71
9.68
10.15
9.98
10.60
10.71
13.66
12.93
12.04
8.21
11.19
10.49
11.03
11.84
12.08
12.93
13.30
13.12
13.56
12.03
11.93
12.13
9.65
13.57
13.41
13.53
14.20
13.26
5.75
5.35
6.10
6.30
6.16
6.31
9.79
12.61
14.28
14.67
12.98
11.07
9.56
7.82
10.65
12.57
13.46
13.51
13.95
7.86
5.97
5.75
-1.91
6.32
5.55
-1.06
-2.31
4.88
7.78
6.23
6.13
5.75
7.29
8.41
7.17
5.86
8.48
10.39
11.07
8.99
7.18
7.01
8.27
6.11
2.34
3.34
6.11
9.01
8.92
3.42
0.55
2.25
2.58
1.76
0.39
1.14
1.42
1.26
0.61
3.29
4.97
1.65
1.55
1.40
2.54
1.40
-1.63
-3.05
-2.83
-8.70
-3.24
-0.59
-5.06
-7.20
-5.55
-6.72
-1.28
-5.06
0.50
0.26
-3.07
-0.59
-0.40
1.57
2.19
0.56
2.19
6.78
8.49
7.54
4.77
4.43
0.21
-0.27
-7.75
-7.21
-1.37
1.31
-4.03
-8.99
-8.84
-0.76
-3.47
0.31
0.62
5.57
3.42
2.70
1.49
-0.67
0.59
0.98
2.45
-2.06
-1.33
-3.39
-5.02
-6.83
-9.01
-2.67
-6.10
-5.61
-3.22
-3.83
-2.97
-4.49
0.49
0.59
-2.59
-2.92
-1.90
-0.74
2.03
-1.13
-1.56
-2.10
-1.69
-0.50
-2.05
-0.22
0.44
-0.31
-2.17
-3.17
-4.24
-6.65
-11.78
-9.35
-3.10
2.71
1.64
-3.19
-1.93
-0.57
0.22
0.26
1.35
-0.21
3.18
3.97
5.31
0.54
-3.26
0.09
1.79
2.42
-0.55
1.06
-6.43
-10.59
-5.32
-3.79
-2.70
-2.04
-2.83
-1.49
1.83
2.43
-0.12
-1.13
-0.75
3.08
2.03
-0.23
-1.08
-1.17
-1.62
-2.85
-2.97
-2.44
-4.99
-4.07
-1.28
-5.39
-9.48
-11.71
-15.86
-18.73
-15.40
-8.71
-10.84
-10.55
-8.86
-5.36
-5.21
-9.41
-11.27
-9.36
-5.62
-2.24
-4.72
-7.01
-4.61
-4.36
-4.00
-3.98
-3.03
-2.80
-2.55
1.06
5.91
3.98
3.93
1.28
-1.01
-1.64
-4.99
-11.77
-13.95
-11.99
-9.97
-8.57
-4.56
0.38
-1.30
-8.22
-8.56
-8.37
-5.80
-1.76
-1.29
-0.51
1.54
-1.05
-4.96
-5.90
-5.59
-4.29
-3.64
-4.46
-4.31
-1.83
1.64
3.41
3.38
2.73
2.58
1.48
0.35
0.10
4.28
2.33
0.74
0.31
-0.44
-0.76
0.75
2.08
2.26
0.65
1.11
2.11
2.47
4.36
3.52
0.28
0.46
0.46
0.35
1.71
5.55
6.15
5.14
2.78
-1.78
3.75
6.36
8.46
10.38
11.00
6.63
0.00
4.93
5.41
3.68
8.71
1.83
0.30
5.23
8.17
9.58
9.83
11.41
10.42
7.41
2.37
-1.94
-1.16
1.26
3.05
6.72
4.77
9.07
11.13
8.62
8.98
7.17
4.77
4.01
6.93
8.44
9.30
10.67
10.60
6.50
6.57
6.30
8.09
12.55
14.90
5.61
5.39
8.18
9.01
4.27
-1.84
-2.38
0.18
4.69
8.21
11.38
11.97
10.92
6.31
2.06
1.18
1.40
6.82
11.53
6.83
3.42
8.06
11.58
14.15
14.23
5.82
10.91
11.25
13.06
13.28
12.37
10.30
11.66
9.02
6.41
5.06
8.19
12.34
11.86
12.57
10.22
11.70
12.26
12.78
11.60
12.46
15.00
15.13
9.87
7.52
7.92
9.02
5.17
1.52
2.64
5.39
5.78
5.69
5.32
4.73
0.57
2.29
6.48
6.59
7.08
7.81
1.97
2.29
4.78
3.62
-0.83
1.09
1.54
3.12
7.59
8.80
11.69
11.53
9.23
6.08
4.85
-0.25
-2.90
-2.05
-4.40
-1.65
1.72
2.74
-1.62
-3.07
2.00
5.57
1.48
1.07
0.02
-1.09
3.89
7.52
5.64
5.12
1.12
-1.33
2.33
2.20
1.83
1.62
1.22
-5.18
-6.74
-1.98
-3.07
-1.55
-0.74
0.13
4.21
4.22
2.47
1.42
4.01
3.25
2.65
2.62
3.67
0.67
-1.38
-3.68
-5.17
-3.19
-1.86
-6.90
-3.86
-2.37
-9.62
-5.89
-5.67
-7.90
-10.68
-13.73
-12.60
-12.11
-5.44
-3.32
-0.91
0.70
-0.85
-0.36
-4.64
-1.49
-6.88
-1.35
4.89
4.28
-0.14
-0.68
-5.98
-3.14
-2.59
-1.29
-9.07
-7.80
-0.48
-6.77
-7.56
-8.51
-6.29
-1.18
0.49
1.95
-4.58
-9.84
-7.77
-10.15
-11.39
-13.84
-13.43
-9.63
-4.80
-3.75
-1.88
-10.26
-5.39
-3.19
-5.61
-6.48
-3.54
-4.28
-5.20
-4.87
-2.24
-7.18
-1.69
-1.44
-4.54
-7.05
-9.94
-11.93
-10.29
-7.62
-8.35
-5.62
0.26
-0.94
-2.73
-2.42
-8.72
-5.47
-10.07
-10.34
-1.32
-4.17
-1.54
-1.18
-1.46
-3.16
-4.90
-6.87
-7.56
-9.60
-8.80
-8.84
-10.25
-10.83
-13.76
-11.73
-7.88
-8.97
-9.69
-6.11
-8.12
-6.65
-7.07
-4.92
-3.49
-6.08
-2.30
5.93
2.82
-2.02
-3.71
-3.10
-3.03
-1.15
3.00
-1.45
-1.28
1.65
4.82
2.43
3.29
-1.03
-3.69
1.13
0.80
-5.02
-8.19
-6.29
-3.02
-4.16
-3.56
-0.60
2.94
3.73
3.44
-2.67
-1.14
0.31
0.97
4.12
0.82
-2.30
-10.96
-12.23
-5.92
-11.51
-10.53
-6.65
-9.95
-9.14
-10.78
-9.66
-8.35
-7.00
-6.68
-6.45
-2.90
-0.78
-2.32
-1.71
-2.32
-2.85
-0.54
-0.07
0.49
-2.31
-2.10
1.08
3.77
5.49
5.49
5.46
4.67
4.97
1.85
-3.46
1.67
5.23
1.89
-0.96
0.96
3.78
0.91
3.38
4.07
4.34
5.70
3.50
-0.19
0.37
-0.36
3.35
6.53
6.87
4.61
4.56
1.93
0.85
4.87
4.20
5.67
8.38
12.23
11.37
3.28
-0.50
-2.54
3.04
7.30
7.48
-0.94
-1.76
-2.59
2.29
4.89
4.72
6.70
6.67
7.61
9.71
6.94
4.74
6.49
9.62
12.95
13.15
12.17
7.30
8.56
10.69
11.44
12.53
13.39
15.34
16.19
15.35
10.79
9.07
5.51
6.81
6.29
11.00
12.46
11.74
11.66
12.89
11.78
14.86
16.17
11.80
6.68
6.65
9.76
11.97
10.97
10.57
11.78
11.72
13.05
11.46
12.25
11.96
10.89
7.66
10.87
13.59
15.06
14.65
14.24
14.11
13.27
15.66
11.78
6.23
6.27
7.29
7.01
9.38
11.34
7.61
4.09
8.82
11.47
13.68
14.11
12.86
7.94
3.27
6.50
11.23
11.24
9.75
11.13
10.05
6.66
3.54
4.32
6.42
7.93
10.46
10.96
3.86
1.38
4.27
6.41
7.24
6.26
1.61
-2.15
-2.14
-4.91
-4.70
-3.08
1.12
1.97
7.69
10.43
9.58
7.93
5.85
4.69
5.50
7.46
8.69
6.89
5.64
1.88
-1.63
-1.11
1.80
0.63
1.54
4.27
6.64
6.03
7.46
8.37
6.30
6.65
5.75
5.75
4.69
2.95
3.58
3.43
4.27
-0.81
-3.09
-1.54
-4.32
-0.23
-2.15
-3.00
2.21
7.05
2.76
3.09
5.48
5.69
3.04
-0.21
0.88
-0.42
1.14
-3.19
-3.73
1.56
0.03
5.27
3.27
-0.88
-3.56
-2.23
3.15
4.84
5.02
6.14
4.85
4.82
4.59
2.20
0.98
2.32
0.29
-0.53
-0.50
-1.57
-1.13
1.42
0.42
-3.81
-1.35
-2.81
-0.94
0.03
5.77
8.03
6.06
-1.63
-3.41
-3.73
0.20
-2.41
-7.31
-10.31
-12.75
-13.12
-6.58
-6.99
-7.50
-6.50
-4.38
-0.91
2.82
-3.94
-7.64
-11.73
-16.69
-15.69
-15.64
-14.54
-8.60
-10.29
-9.47
-6.19
-7.40
-9.18
-15.05
-13.29
-5.41
-0.34
-0.72
0.21
-2.24
-7.17
-3.02
-7.68
-3.22
-2.97
-9.29
-2.51
-3.36
-9.69
-5.23
-5.87
-5.12
-3.01
2.92
-2.97
-1.62
-0.85
0.48
-0.51
1.41
-2.49
-5.73
-3.61
-4.61
-0.69
-1.11
-5.46
0.29
-5.72
-2.97
-8.96
-4.87
0.47
0.06
-3.90
-8.77
-6.07
-5.31
-8.81
-11.99
-0.91
-0.51
-8.09
-7.81
-13.01
-8.04
-11.35
-12.24
-8.83
-9.58
0.49
1.74
1.94
-2.34
-7.48
-7.16
-10.76
-5.55
-2.38
-3.19
-12.18
-13.52
-6.20
-0.90
0.15
-1.93
-5.25
-7.51
-14.31
-11.32
-15.24
-7.99
-1.81
2.89
4.31
2.25
2.44
1.54
1.62
-1.30
-3.15
-3.61
-1.57
-0.06
-3.76
-4.99
-5.86
-7.52
-5.25
-0.41
-1.79
-5.16
0.52
-0.02
0.98
0.24
-1.99
-3.07
-2.16
-0.16
0.03
-1.95
1.62
2.84
4.03
4.59
6.24
5.52
4.94
4.54
3.08
2.51
0.88
-0.07
-6.48
-6.33
-0.28
0.22
-0.98
0.15
-3.94
-3.86
-1.97
1.98
4.35
5.84
7.11
2.48
3.69
7.63
6.10
1.56
0.75
0.19
0.50
2.10
1.46
-0.48
0.14
2.38
3.79
2.25
1.22
-1.52
-1.09
-1.93
-1.33
1.05
1.13
4.39
5.49
9.66
10.30
8.74
8.30
0.79
-0.43
6.16
11.74
11.72
10.30
9.96
11.29
10.28
11.69
5.09
5.46
5.11
6.84
9.29
11.56
12.64
12.75
10.13
9.73
10.85
9.46
7.90
7.14
8.72
10.39
14.90
15.42
15.37
14.86
10.95
14.22
14.78
15.98
11.34
10.16
11.28
10.51
9.52
10.93
12.02
12.87
12.77
11.72
10.44
8.43
6.30
7.62
11.85
10.79
9.52
8.81
7.72
8.42
9.51
7.70
7.89
8.99
7.92
9.17
8.94
8.07
6.32
6.39
6.61
5.96
-0.37
-0.61
-0.17
-0.19
1.49
2.98
2.37
0.05
2.95
3.96
4.72
1.77
1.99
8.05
6.06
5.86
1.35
1.21
1.42
1.87
4.13
6.39
4.37
1.02
1.61
1.85
3.47
1.31
-0.48
3.62
5.22
0.39
-3.34
0.59
4.98
8.60
7.58
6.89
6.19
5.62
7.32
10.99
11.39
9.13
7.94
8.07
6.19
6.52
5.44
7.49
8.23
7.67
8.48
8.33
7.39
3.76
3.69
5.58
4.44
7.55
5.30
5.23
2.91
1.72
3.22
3.83
-3.65
-3.72
-9.42
-6.33
0.42
0.92
-0.84
1.22
2.43
4.96
4.57
-0.30
-0.76
1.39
0.86
-3.18
-11.32
-7.98
-2.93
1.63
0.13
1.74
1.00
-1.20
0.20
-1.66
-4.73
-2.41
-1.67
-3.70
-4.67
-5.05
-8.42
-11.20
-11.28
-7.82
-2.15
-0.83
-0.06
-0.92
-2.24
-14.65
-10.93
-5.15
1.07
-1.10
-5.86
-3.32
-0.83
0.20
3.07
-1.59
-2.21
-1.17
-2.03
-12.55
-7.25
-4.25
-1.76
-2.55
-3.15
-3.26
-5.08
1.54
-0.30
-1.48
-2.49
-0.75
2.87
0.19
0.92
0.88
-0.57
-0.63
-2.17
0.17
0.33
-0.84
-1.53
-2.78
-2.62
-2.57
-1.05
-2.72
-3.57
-5.22
-5.57
-3.96
-2.74
-0.61
-4.88
-5.72
-2.69
-5.00
-8.77
-12.61
-9.43
-10.82
-12.44
-7.26
-7.55
-9.18
-7.83
-10.26
-12.37
-7.31
-1.80
-7.80
-5.74
-11.47
-14.66
-11.97
-16.75
-13.43
-8.51
-4.48
-5.17
-3.14
-2.66
-2.93
-5.78
-10.65
-13.60
-13.25
-10.07
-6.53
-8.95
-7.61
-5.41
-7.26
-6.59
-9.23
-3.43
-0.32
-1.74
-3.34
-5.22
-5.38
-5.30
-3.98
-3.79
-1.86
3.05
4.18
3.72
0.21
-3.05
-7.06
-10.08
-10.57
-7.69
-5.18
-7.94
-11.12
-9.19
-1.85
-1.86
-1.13
-1.66
-1.22
-0.84
-2.91
-2.69
-2.34
-4.34
-3.08
1.13
-0.58
-0.44
3.09
3.93
4.08
4.89
2.28
-1.49
-0.33
2.55
2.92
2.01
0.76
-0.75
0.05
-2.87
-4.75
-2.43
0.90
3.41
3.73
2.42
-0.34
-0.17
1.42
-0.03
-0.07
3.75
5.51
7.13
4.50
5.69
1.82
-2.27
-1.15
-0.18
3.56
7.85
3.80
3.03
0.51
1.02
7.92
10.28
10.85
7.14
4.19
4.24
7.59
11.22
12.44
12.81
10.44
9.11
10.96
11.51
11.60
10.30
10.63
9.74
8.06
8.30
8.49
8.98
6.96
5.51
-2.49
-3.22
-0.71
-0.07
0.06
2.79
6.56
5.35
4.19
3.56
0.73
4.88
7.32
7.60
3.44
4.79
-1.23
0.62
2.90
6.07
8.33
9.72
11.96
12.09
12.99
11.90
10.42
8.83
8.47
8.66
11.62
14.19
8.49
8.93
13.06
12.46
9.55
10.54
7.10
10.33
13.09
10.07
6.79
8.25
7.96
8.95
8.74
9.32
10.47
10.98
5.72
2.28
2.65
5.21
5.73
7.16
9.28
9.63
9.34
8.78
7.32
4.85
7.99
5.36
3.52
4.17
4.08
0.71
1.51
1.14
2.10
0.82
2.14
4.76
5.67
5.09
3.42
1.32
2.13
1.68
2.30
3.56
1.87
-4.33
-2.16
1.93
3.69
3.69
2.36
3.29
1.27
2.19
1.33
-1.58
-3.48
-1.85
0.01
3.25
1.81
8.66
10.76
5.14
-3.43
-0.51
4.18
-2.00
-0.34
4.01
4.81
0.96
-0.56
2.58
2.76
2.46
3.75
3.41
-2.61
-3.92
-2.69
-2.37
2.19
3.47
7.30
9.21
8.37
6.02
1.24
2.98
5.01
-1.07
-1.34
3.16
0.96
7.48
8.74
6.86
-2.55
0.84
1.65
-4.98
-0.26
0.05
1.33
2.59
-0.98
-4.05
-1.06
0.67
0.35
-6.13
-6.85
-8.41
-11.17
-9.02
-8.41
-10.95
-4.57
-8.57
-6.54
-11.30
-9.93
-6.66
-6.22
-6.27
-3.58
-0.61
0.49
-0.05
0.06
0.12
-1.86
-1.57
-2.63
-2.43
-1.88
-3.04
1.21
1.59
-0.29
1.79
0.52
-2.86
-0.60
1.23
-1.54
-3.15
-5.50
-6.58
-5.07
-13.29
-13.87
-14.41
-12.62
-7.78
-4.49
-2.44
-8.17
-10.39
-8.56
-6.20
-4.71
-5.50
-6.16
-3.31
0.18
0.03
1.57
2.22
1.18
-0.60
-2.97
-3.93
-1.54
1.85
2.53
2.95
-0.18
0.85
-1.40
-4.66
-5.49
-1.31
-0.88
-1.16
-1.76
-4.12
-5.76
-3.75
-4.87
-3.04
0.21
0.69
1.01
-0.02
-2.90
-1.86
-7.03
-5.37
-7.42
-3.89
-6.13
-5.01
-5.60
-3.45
-0.17
2.38
2.17
-1.74
-0.04
-3.60
-8.46
2.61
1.50
1.51
2.10
3.39
-0.68
-4.42
-0.32
1.72
1.49
2.97
4.64
2.37
1.23
-1.07
-2.84
1.08
2.17
1.56
-7.70
-7.41
-3.68
-2.23
-2.12
-6.17
-5.39
-1.24
1.99
-2.90
-10.86
-5.02
-1.31
0.02
1.04
-0.88
-4.28
-2.02
-0.62
0.89
0.13
1.11
1.81
0.70
-2.70
-2.11
-1.23
-1.32
-3.65
-6.04
-2.68
-2.33
-6.98
-5.52
-5.81
-3.98
-1.52
0.33
0.01
-2.74
-0.30
-3.23
-2.18
0.92
3.28
5.76
4.81
2.00
-3.42
-5.65
-7.34
-3.61
-0.34
2.72
1.90
4.36
7.17
7.91
7.12
6.88
3.32
6.09
1.36
0.17
0.41
3.55
4.68
5.86
6.99
8.17
7.11
6.86
8.26
7.11
1.54
3.84
3.35
6.15
6.44
7.23
10.94
7.79
8.71
11.70
11.85
9.27
7.75
4.99
6.19
6.84
5.18
4.16
2.98
2.91
5.70
0.23
-0.33
-0.46
3.14
3.09
2.08
4.88
4.02
0.01
2.11
5.29
3.67
2.82
0.39
2.01
3.55
7.61
9.19
7.19
6.12
8.08
9.65
8.57
8.03
13.53
9.99
1.11
2.55
4.22
6.10
10.35
9.79
8.84
5.56
6.76
11.05
10.65
10.05
10.39
8.31
5.88
9.90
11.00
12.29
12.02
9.84
9.18
11.29
12.14
14.02
12.07
11.78
11.28
12.18
11.60
9.94
7.62
9.43
9.70
9.92
9.81
10.32
11.24
11.84
11.00
8.07
9.97
3.42
0.27
6.35
13.29
12.48
7.56
8.06
10.48
11.42
10.23
8.10
10.37
11.00
12.34
12.05
9.59
4.33
3.14
6.29
8.68
9.97
10.91
9.45
9.14
7.11
5.71
6.53
7.98
8.38
9.47
9.26
8.40
8.05
10.58
11.70
8.18
6.88
10.15
10.08
8.62
5.47
6.72
8.40
6.60
2.49
-1.53
-6.03
-6.95
-4.44
0.01
5.34
7.29
8.12
6.85
4.53
4.32
2.65
2.31
3.10
2.95
1.72
-3.17
-1.76
-0.70
-0.41
0.64
1.84
3.03
2.39
3.36
5.53
0.70
-1.89
-3.08
-3.90
-2.39
-5.09
-7.21
-4.50
0.60
2.22
0.91
2.86
-0.33
-3.01
-3.82
-2.93
-2.70
1.85
-0.16
-0.42
-0.29
-0.16
-3.54
-5.66
-6.29
-7.28
-13.89
-7.53
-5.44
-2.10
3.70
-0.72
-3.85
-0.43
0.78
-5.71
-7.33
-7.60
-10.72
-10.08
-1.39
1.30
-0.89
-4.44
-5.45
-2.32
-2.45
1.26
1.23
-4.81
-7.53
-10.43
-5.53
-2.29
-0.66
-1.97
-4.03
-3.24
-3.62
-6.59
-4.41
-2.93
-2.53
1.57
3.57
6.54
5.27
0.79
-5.44
-4.97
-4.27
-7.06
-2.99
-6.97
-12.04
-10.24
-6.11
-4.49
-5.58
-7.69
-6.14
-5.84
-5.46
-3.41
-5.30
-7.03
-7.17
-7.15
-4.19
-2.92
-1.89
-2.73
-4.29
-3.50
2.16
2.44
2.84
2.95
5.64
5.92
4.53
3.48
-0.36
4.08
4.35
4.71
3.33
-5.03
-5.74
0.08
1.60
0.23
2.27
-3.74
-7.47
-5.16
0.48
3.08
-6.04
-1.93
-1.75
-5.26
-9.49
-9.86
-7.53
-7.71
-8.39
-2.76
-1.84
-1.36
0.95
3.21
-0.62
-3.25
-4.53
-5.10
-7.72
-9.47
-4.91
-2.79
-0.49
2.85
4.06
2.44
2.22
-0.36
-0.98
3.33
-1.74
-2.67
-4.24
-3.87
-5.22
-4.61
-6.17
-7.61
-9.01
-11.28
-9.45
-4.57
-6.99
-6.81
-8.55
-7.51
-1.29
0.02
1.94
2.08
0.11
4.69
5.38
-2.04
-4.95
-1.45
0.13
-1.66
-1.48
0.16
-0.49
0.10
-1.92
3.49
5.73
6.62
8.50
9.16
8.88
9.24
7.74
6.61
4.96
2.46
3.12
3.95
4.62
4.20
2.98
2.94
1.60
1.38
2.44
2.57
3.24
1.42
4.05
2.60
4.94
8.76
6.31
9.19
11.87
9.80
4.88
3.56
9.34
5.61
-1.50
-3.58
-0.73
0.67
0.34
-0.57
1.35
5.85
9.47
13.23
14.67
11.44
8.19
10.82
9.90
9.40
9.75
9.22
10.12
9.46
12.16
8.14
4.40
5.69
7.84
11.37
5.34
1.12
5.30
7.30
6.38
10.33
10.25
4.13
3.21
6.41
8.39
10.97
13.87
16.16
12.81
10.99
12.50
11.23
9.80
11.99
7.39
5.31
8.49
11.33
8.73
8.17
6.74
7.76
10.59
10.40
12.60
14.10
15.13
15.14
15.75
15.55
14.05
10.82
11.05
12.04
11.56
10.70
8.58
8.82
8.52
6.06
6.56
7.92
6.28
6.85
9.54
4.81
2.57
3.80
6.05
8.57
11.60
13.04
8.12
8.16
2.41
6.63
7.55
5.60
11.24
10.75
4.14
-2.10
-4.81
-4.20
-0.65
2.18
-0.11
4.47
8.08
5.45
5.01
4.25
4.98
4.98
6.14
6.14
2.16
0.36
3.52
2.71
-0.11
-0.22
-1.11
-1.67
0.88
0.99
-0.50
-1.67
-0.19
0.11
1.48
-0.53
1.52
5.00
6.28
6.57
4.15
0.96
-2.51
-3.51
4.02
5.84
6.16
1.27
-1.44
-5.36
-1.44
3.36
-0.80
-5.05
-2.20
-1.30
0.82
-0.49
-3.44
-5.75
-1.93
0.45
3.49
4.92
0.39
-5.74
-4.68
-5.78
-5.51
-9.02
-10.48
-9.48
-8.51
-9.16
-11.92
-11.20
-11.53
-5.61
-4.96
-4.96
-7.05
-7.75
-5.72
-6.47
-7.65
-4.77
-5.65
-5.60
-8.87
-13.35
-14.67
-14.71
-7.93
-2.90
-4.78
-5.39
-0.73
0.57
4.38
7.08
4.68
3.49
1.72
-4.78
-6.44
-9.63
-3.37
-1.54
-8.07
-5.02
-0.62
2.11
-0.05
0.65
-2.01
-3.36
-3.31
-4.63
-5.56
0.15
6.87
7.65
1.09
-3.80
-9.26
-6.27
-8.81
-10.89
-10.96
-6.82
-2.02
0.77
-0.75
-2.22
-1.00
-0.68
-0.98
-1.80
-1.96
-1.93
-0.29
-2.91
-10.47
-7.73
-12.53
-18.16
-12.81
-4.35
-0.55
0.65
2.26
-5.51
-10.24
-10.76
-14.81
-8.29
-17.99
-19.02
-19.28
-11.31
-7.82
-7.98
-6.46
-10.69
-7.55
-4.36
-3.06
-3.55
-10.02
-13.73
-7.52
-4.49
1.00
0.30
-3.16
-2.56
-0.46
-1.82
-7.02
-10.12
-11.38
-12.86
-6.88
-1.46
0.94
2.02
1.99
0.49
0.86
0.44
-0.13
-2.25
-3.74
-7.09
-6.92
-5.15
-7.90
-5.59
1.37
-0.77
-1.73
-5.90
-8.01
-3.52
-1.39
-0.11
0.39
-0.70
-0.83
0.14
2.15
2.56
-3.08
-5.94
-3.48
-1.65
-4.53
-3.75
-7.19
-5.57
-7.92
-9.60
-8.47
-8.65
-7.54
-1.51
-0.51
-2.51
-1.98
-4.26
-0.87
0.32
0.67
4.52
4.37
1.13
3.43
4.88
5.52
3.88
3.31
3.36
4.66
1.23
4.30
5.67
4.59
3.78
5.20
2.74
1.18
2.30
5.62
4.88
1.27
-1.30
-0.68
1.24
3.60
6.94
5.50
6.71
8.69
7.55
9.62
10.31
9.30
11.13
8.89
6.41
1.42
6.03
1.16
3.58
1.56
6.42
2.89
2.51
3.84
4.97
1.95
5.37
6.31
6.10
5.61
3.94
4.29
0.08
-0.37
6.04
7.40
9.09
8.11
5.98
4.03
8.51
6.42
9.18
12.51
14.61
14.26
11.73
4.80
4.70
6.38
6.99
7.94
7.61
9.12
9.33
5.77
6.67
6.95
11.58
10.25
10.01
9.88
9.62
5.33
4.40
8.88
10.41
11.62
11.64
7.94
8.38
9.14
8.24
8.12
9.71
9.50
10.18
11.03
12.27
11.52
10.66
11.30
7.17
5.61
3.88
4.65
7.56
8.04
7.12
5.67
7.20
8.04
7.39
8.86
10.09
9.86
12.72
16.12
9.71
8.75
8.99
7.12
6.63
7.54
9.12
9.07
5.18
5.27
6.32
6.47
6.74
9.39
9.36
10.36
10.47
10.44
10.68
8.81
8.03
7.31
6.52
5.32
6.83
3.98
3.52
7.58
8.48
9.06
7.59
3.60
3.84
1.25
7.55
4.03
3.52
7.01
0.28
-4.54
-5.26
-1.71
1.20
2.93
3.31
6.69
6.73
6.60
5.30
5.01
3.81
3.71
2.69
0.97
-0.56
2.53
3.51
6.09
0.61
4.45
3.65
2.82
6.85
11.02
10.74
6.12
4.32
7.77
4.92
0.15
1.65
2.55
-4.02
-4.47
-0.38
-5.08
-6.94
-6.42
-0.42
2.50
-3.08
-4.68
-4.90
-11.15
-10.76
-13.51
-12.44
-9.50
-10.27
-6.66
-2.81
-0.11
0.30
-1.56
2.63
3.18
0.72
0.09
-0.27
2.05
-3.25
-11.40
-2.90
1.09
0.00
-3.86
-8.47
-3.98
-4.84
-9.85
-6.37
-11.91
-13.73
-7.83
-1.04
-2.40
-13.76
-6.01
-1.14
-0.52
-2.31
-2.58
-4.34
-7.05
-11.29
-12.69
-13.54
-8.62
-5.92
-0.66
0.31
-0.96
-0.64
0.19
-3.29
-5.38
-5.82
-6.76
-6.25
-6.47
-7.37
-5.83
-3.66
-2.40
0.33
-3.30
-4.71
-4.10
-5.44
-8.38
-12.64
-13.90
-12.69
-8.50
-7.13
-7.18
-5.45
-2.16
3.00
4.20
-1.24
-3.60
-0.93
2.13
0.81
-3.52
-1.40
-8.57
-1.93
-3.94
-6.46
-4.85
-1.70
-3.49
-8.94
-13.21
-6.54
-8.02
-11.73
-7.06
-6.10
-7.86
-2.27
-0.20
-1.88
-1.08
0.31
-3.85
-6.53
-9.54
-2.62
-6.66
-5.94
0.11
-2.18
-0.01
2.81
1.43
1.79
1.42
-0.50
-1.88
-5.49
-3.64
-0.99
-2.76
-4.87
-3.64
-1.50
-0.12
1.84
-2.03
-3.01
-5.91
-8.90
-7.50
-7.72
-9.33
-6.43
-7.28
-2.77
-0.82
-2.90
-4.23
-4.46
-2.49
-0.22
-2.55
-2.64
-2.82
-5.75
-3.12
0.33
-3.46
0.27
-3.35
-3.27
-2.32
2.62
4.60
6.66
1.72
-2.04
4.03
5.54
5.77
1.57
-0.10
3.38
4.30
4.59
3.61
4.23
3.77
3.42
4.45
4.52
6.71
7.13
6.02
3.30
5.04
5.96
7.56
7.79
5.10
1.27
-1.22
-0.09
2.80
0.61
5.68
5.35
4.80
6.73
2.97
1.96
0.35
2.65
2.29
8.49
10.45
9.90
10.25
8.89
3.45
3.82
10.62
10.46
8.81
6.78
9.26
8.75
7.97
8.16
8.57
9.76
10.76
12.64
12.95
11.95
9.60
5.05
1.93
0.98
4.65
9.83
5.50
5.77
8.80
10.08
14.31
12.20
7.20
6.63
12.92
10.76
2.36
2.57
2.80
-0.99
-0.81
0.10
0.84
-1.66
-0.84
3.95
5.81
6.00
7.30
9.23
11.06
10.86
6.67
6.64
6.75
8.31
3.78
2.85
4.84
9.95
12.03
9.92
4.78
3.42
3.54
4.74
6.97
9.09
9.26
10.59
11.59
11.17
10.46
10.85
11.68
12.72
12.05
13.65
14.31
15.18
10.95
9.17
12.02
13.60
15.09
15.33
5.20
4.79
8.80
7.02
3.49
6.10
2.08
1.50
0.87
4.65
6.64
4.61
9.21
12.08
12.17
10.96
10.32
8.22
9.32
10.84
6.27
5.42
7.02
7.51
3.88
0.62
6.99
8.20
8.03
7.31
8.12
8.19
8.23
6.34
2.00
2.02
-0.84
0.61
5.67
4.44
-2.20
-4.95
0.90
0.69
-1.14
-0.05
1.60
3.19
4.91
2.85
1.39
-0.22
3.04
3.94
5.35
5.76
6.71
4.99
3.94
4.59
1.71
3.13
6.73
1.06
1.98
-2.44
-3.72
-0.75
-2.50
-6.77
-4.31
-3.09
-5.18
-5.60
-5.48
-6.70
-0.44
2.99
2.49
-3.61
-6.01
-2.70
-6.81
-6.71
-1.70
-4.72
-5.25
-0.30
-0.06
-5.78
-4.06
-6.75
-2.59
5.73
7.43
3.82
4.06
0.42
-2.20
0.31
2.69
0.66
2.81
1.82
-3.15
-2.25
3.42
4.95
0.14
-1.55
-7.97
-9.36
-8.34
-4.16
0.17
2.02
-1.77
-1.76
-0.67
-1.50
-3.37
-4.34
-5.32
-6.86
-10.01
-12.02
-7.52
1.90
-1.40
-5.83
-4.16
-0.34
-0.60
-5.36
-8.74
-7.14
-3.01
0.48
-0.93
-2.70
-4.62
-8.92
-8.43
-7.34
-7.92
-5.43
-7.54
-4.87
0.05
-2.49
-0.34
-4.47
-7.41
-8.51
-4.47
-7.52
-10.90
-8.36
-12.83
-8.40
-6.23
-1.85
-3.46
3.96
2.72
-2.59
-8.14
-4.56
2.25
3.22
-1.63
-0.63
1.53
-0.80
-7.26
-2.47
0.38
-4.37
-1.29
-3.01
-6.37
-12.33
-14.85
-14.90
-9.59
-11.02
-11.73
-5.67
-0.49
-1.24
-1.83
2.74
3.25
-0.07
-3.89
-2.00
-0.07
0.46
-6.60
-5.65
-0.47
2.80
-2.24
-3.28
-4.67
-0.80
0.41
-1.60
3.96
6.95
-1.99
-3.88
-3.72
-3.26
-4.51
-7.18
-0.72
4.40
4.82
1.16
-1.77
-5.40
-0.98
-4.56
-5.26
-3.81
-3.78
-6.36
-4.72
-5.86
-8.86
-4.31
-5.76
-6.07
-4.76
-6.59
-10.61
-11.27
-7.81
-5.03
1.77
-0.78
-3.83
-0.11
0.30
2.51
2.71
2.33
3.94
2.63
0.31
0.80
0.70
2.31
4.75
5.01
4.76
4.68
5.21
5.65
4.10
2.00
4.25
2.79
-0.28
4.80
6.41
5.84
4.66
5.95
5.21
5.22
6.92
8.23
9.64
12.18
11.07
6.72
2.21
0.18
-3.73
2.08
6.56
0.91
4.74
5.62
3.42
1.00
-0.88
5.82
4.30
4.73
7.43
2.43
-0.38
0.14
3.03
7.01
8.80
7.30
9.86
11.54
12.93
14.59
10.98
5.68
9.11
9.85
7.78
11.93
11.03
10.84
12.34
12.43
4.70
4.87
6.45
8.17
5.98
6.65
7.75
9.80
4.27
1.35
3.73
2.07
2.63
0.41
8.77
12.09
10.98
8.83
11.67
12.27
12.15
11.48
12.07
14.09
14.80
16.42
16.90
10.59
7.40
5.49
6.35
9.82
8.68
7.27
4.69
5.85
10.92
12.97
14.62
14.68
11.87
11.03
11.59
10.87
7.50
10.69
12.97
13.12
14.50
14.39
14.37
13.67
13.19
14.18
7.26
3.17
0.86
5.27
7.90
1.46
0.55
5.43
4.89
5.33
0.52
-2.43
-1.24
4.41
6.46
-0.51
0.16
-1.80
-3.07
-2.58
-0.58
2.36
3.34
3.76
4.78
3.80
0.85
1.97
5.99
7.27
5.46
4.70
9.07
12.19
8.16
4.20
6.76
7.32
5.58
5.02
4.36
5.14
8.83
11.43
11.98
8.81
7.29
6.45
7.27
7.08
6.78
6.43
0.62
2.21
3.28
-0.26
1.01
4.01
1.77
3.28
5.86
9.69
7.12
1.12
5.84
5.56
5.32
1.94
-0.35
-2.03
-4.26
-11.84
-7.01
3.93
1.51
-3.26
-6.59
-0.54
1.59
0.66
-2.13
-3.77
0.19
0.84
-1.95
-10.69
-5.18
-1.78
-2.11
-5.74
-5.81
-4.21
-0.60
3.53
3.26
1.75
-0.96
-0.93
-0.65
0.71
-2.67
-2.03
-4.29
-1.67
-1.03
-6.79
-12.26
-7.34
-3.08
-4.96
-3.73
-3.22
-7.67
-8.67
-10.24
-16.76
-11.19
-6.63
-11.97
-12.79
-6.52
-3.84
-8.03
-13.94
-8.50
-1.29
0.88
-5.36
-2.03
0.18
-2.93
-2.63
-1.50
-2.22
-4.44
-3.57
-1.83
-4.50
-6.27
-8.32
-7.95
-4.78
-3.98
-3.41
2.41
-3.18
-0.89
-5.08
-1.54
-0.54
-0.87
2.30
4.74
5.79
0.39
-1.30
4.48
3.93
-2.54
-0.21
-6.16
-6.92
-0.13
-0.07
-6.45
-0.51
1.19
0.48
-2.38
-4.05
-5.99
-6.32
-7.03
-8.87
-6.80
-11.89
-5.10
-6.19
-9.32
-4.87
-1.37
-2.31
-6.59
-3.71
-4.79
-7.40
-0.36
0.43
-0.22
0.85
3.85
0.12
-2.25
0.66
1.17
1.35
-0.35
-2.17
-0.72
0.16
-0.92
-0.67
-0.16
1.04
-3.09
-6.72
-6.61
-6.17
-6.14
-5.65
-3.68
-3.31
-4.25
-3.44
-1.28
0.03
-1.29
-1.30
-2.09
-1.29
1.47
1.42
-2.53
-4.58
-0.81
-0.52
-2.44
-6.11
-7.58
-6.87
-4.45
-3.16
-3.95
-6.14
0.01
1.58
1.81
1.74
3.17
1.67
-3.16
1.13
-1.87
3.86
2.58
-1.19
-1.21
-5.02
-6.09
-2.76
2.35
4.13
2.76
1.79
-0.01
-0.19
3.35
3.44
6.20
7.88
10.06
2.32
1.01
4.47
6.43
5.88
0.54
1.42
1.63
0.61
-2.10
-0.94
2.73
5.14
6.99
8.19
8.69
6.86
8.96
4.67
2.28
1.82
1.75
1.97
0.50
3.76
8.79
9.82
12.41
13.31
14.17
15.95
15.68
14.96
12.64
13.23
14.36
15.61
11.00
8.95
10.49
10.55
3.82
4.91
6.76
7.91
7.30
6.86
3.26
8.56
3.79
8.95
12.82
10.76
7.14
7.15
9.31
4.39
6.37
6.90
7.02
6.05
5.83
8.64
12.42
9.07
9.35
11.44
6.19
4.60
7.21
11.38
11.75
12.14
10.92
7.28
5.11
7.13
7.76
6.82
6.50
4.19
4.49
6.43
3.91
1.37
2.01
4.54
7.36
11.56
10.93
10.59
10.94
11.68
11.98
9.50
6.16
7.66
7.49
8.28
9.17
8.00
5.66
6.94
7.50
9.41
7.77
7.43
8.12
5.30
5.30
4.99
5.33
6.57
7.57
6.40
3.15
2.93
5.97
6.41
5.28
6.44
7.55
6.94
8.11
6.76
7.21
6.45
2.35
-3.37
-3.56
-4.41
-1.27
-1.42
1.88
2.35
3.28
6.33
6.57
4.84
3.44
2.54
-0.16
0.54
2.23
5.06
4.84
2.74
1.11
2.02
4.32
5.93
5.85
-1.48
-5.27
-2.69
7.24
5.35
0.44
-2.10
-1.81
1.67
2.36
3.14
1.58
6.61
5.70
2.18
4.28
2.29
1.19
-5.27
-5.29
-1.14
-6.57
-7.85
-1.81
-0.10
-0.89
-0.43
0.41
0.70
1.86
-0.63
-2.17
-3.08
-3.49
2.35
0.57
-5.08
-0.55
1.97
-0.59
0.29
2.95
0.92
-4.57
-5.93
-2.79
-7.61
-8.34
-5.85
-3.03
-0.43
-2.66
-4.38
-5.99
-3.68
-1.96
-2.95
-4.35
-0.48
-4.01
-3.62
-2.45
-2.85
2.60
-0.09
-0.70
0.12
3.72
0.13
-2.03
0.38
1.83
-3.59
-2.93
-0.07
-4.45
-2.65
-1.25
-5.42
-7.25
-13.86
-7.81
-14.51
-7.83
-7.63
-8.58
-7.89
-6.67
-4.49
0.98
0.14
-4.84
-4.53
-5.42
-1.10
-1.64
-4.41
-7.38
-8.90
-7.08
-2.03
-5.02
1.35
-4.98
-12.01
-13.51
-17.00
-13.83
-10.28
-6.98
-12.15
-15.66
-14.51
-7.70
-4.15
-5.87
-6.11
-4.00
-8.25
-11.89
-10.83
-10.30
-12.36
-12.52
-7.10
-4.02
-3.52
-3.91
-4.77
-5.35
-3.93
-1.62
-0.76
-2.87
-3.56
-2.22
-5.52
-7.34
-1.70
3.17
-2.56
-1.76
-4.07
0.14
3.42
4.09
0.89
-2.93
-2.42
-5.67
-2.65
-1.06
-3.07
-2.15
-0.61
-1.64
-1.98
-1.44
0.35
0.55
-0.11
1.24
1.06
0.67
0.42
0.36
0.62
-7.39
-8.99
-4.86
1.34
-3.71
-8.87
-10.12
-6.28
-7.27
-4.90
-4.48
0.46
5.98
4.40
2.09
2.74
2.25
0.70
-0.83
-0.65
0.64
1.27
2.70
4.73
1.85
0.57
6.63
8.05
3.34
1.69
3.89
2.79
9.95
10.78
8.91
9.73
6.97
3.71
3.72
4.26
3.65
-0.49
-5.29
-1.23
2.15
0.91
3.75
4.57
-2.51
-2.70
2.20
8.41
7.65
2.82
5.15
6.82
8.19
7.51
7.83
8.99
9.98
7.73
9.33
10.65
9.93
8.80
10.76
9.98
11.03
13.00
13.92
14.24
13.53
13.44
11.66
11.84
10.40
6.50
10.29
12.75
13.20
15.81
15.18
13.89
14.89
11.93
10.76
9.66
12.24
14.36
4.87
3.91
2.98
2.21
5.33
8.13
8.91
9.90
10.04
12.21
11.81
12.84
13.79
15.25
14.46
13.17
8.79
11.92
13.88
15.97
10.78
13.49
12.11
8.11
9.76
12.12
11.28
6.83
7.73
9.26
5.80
11.15
13.60
15.21
16.48
16.36
16.20
16.57
15.89
16.06
16.62
16.35
17.38
16.83
13.53
10.50
13.50
12.67
8.72
10.32
10.56
9.16
11.11
12.71
12.23
10.96
10.30
12.00
12.58
6.52
5.42
1.90
1.35
2.50
5.14
7.00
6.81
5.31
6.30
3.96
3.01
3.41
2.58
4.27
5.61
6.01
8.22
9.78
12.15
11.96
12.43
12.42
10.51
8.25
3.52
4.00
6.61
5.31
5.70
3.34
1.49
5.58
6.95
9.33
5.69
0.82
-5.34
-3.27
-2.03
-2.89
2.76
8.11
9.07
8.33
3.57
3.33
2.97
3.04
3.70
2.80
2.23
0.59
-5.58
-4.81
-6.80
-9.14
-8.69
-5.69
-5.24
-0.23
-2.58
-5.44
0.47
-2.74
-0.51
1.00
5.40
9.15
8.13
-3.14
-2.60
4.64
3.38
2.13
-0.85
-2.44
-1.09
0.05
0.86
0.62
4.37
5.92
5.19
3.61
3.13
3.23
1.96
-1.87
-0.63
-3.95
-7.14
-2.12
0.29
1.50
-0.09
1.61
0.84
2.24
0.81
-0.43
-1.29
-1.83
-5.42
-3.05
-0.04
3.75
-3.82
-10.52
-7.16
-0.73
-2.77
-3.08
-2.25
-5.95
-12.94
-14.23
-4.60
1.62
3.53
-2.38
-5.29
-8.17
-5.71
-6.51
-5.35
-9.33
-6.37
-5.67
-3.22
-1.24
-1.02
-0.77
-5.67
-5.90
-1.64
-3.59
-1.53
-6.55
-11.16
-5.76
-6.97
-8.37
-7.33
-5.70
-6.76
-4.95
-4.94
-3.76
-10.82
-7.01
-11.86
-14.78
-16.22
-6.04
-1.32
0.78
2.60
4.99
5.94
5.70
4.32
-4.25
-9.33
-7.55
-4.56
-3.66
-1.10
0.33
0.66
-1.29
-0.84
-4.84
-9.26
-9.77
-6.27
0.35
0.17
-9.39
-11.01
-7.00
-11.07
-14.87
-14.60
-16.60
-13.86
-8.99
-6.22
-3.49
-3.20
-5.13
-10.00
-11.58
-11.19
-12.18
-11.50
-1.14
-0.33
-2.19
0.95
6.03
6.75
4.71
0.00
0.66
-0.73
-8.73
-10.23
-9.55
-9.45
-8.72
-7.14
-3.70
0.83
-0.37
-0.62
0.56
1.44
-2.01
-0.70
-3.44
-6.65
-10.00
-8.69
-7.49
-7.11
-5.87
-4.58
-6.14
-3.16
-3.51
-0.80
-1.70
-1.49
-7.01
-2.79
3.49
3.63
2.20
1.36
1.69
1.28
1.13
1.95
2.07
1.41
-1.39
-0.64
0.90
0.41
-4.45
-6.60
-6.89
-6.39
-4.91
-1.57
0.55
1.88
-0.29
0.61
3.53
5.82
6.15
6.44
6.79
7.53
2.51
-0.32
0.93
2.06
3.80
3.81
2.16
1.72
3.98
4.40
1.23
1.94
2.05
0.66
3.79
2.98
5.38
7.97
9.70
11.32
11.84
8.41
5.16
1.27
4.77
7.06
6.62
7.69
6.37
3.83
-0.13
2.50
5.40
6.13
5.31
5.39
9.69
12.08
10.82
8.57
11.75
8.06
3.70
5.11
8.96
9.59
8.68
11.30
7.72
1.61
1.06
0.32
-0.16
0.60
4.92
10.06
11.59
11.04
10.42
10.74
9.25
12.21
14.53
13.35
7.89
8.89
6.06
6.37
10.30
11.59
11.49
12.53
13.44
14.10
11.80
10.50
9.32
8.92
10.70
11.36
12.93
12.51
10.25
9.56
4.62
4.94
10.23
10.78
9.02
11.43
11.13
5.58
1.39
8.50
11.93
7.22
5.63
1.30
6.61
8.48
6.68
6.68
4.74
9.63
9.96
10.77
11.52
11.73
10.75
10.19
10.98
11.92
11.26
9.02
4.82
7.92
6.55
2.59
2.58
6.03
8.65
6.29
6.20
5.10
5.66
5.45
-0.21
-2.23
-0.32
5.06
6.33
6.03
6.61
5.55
6.09
6.63
9.97
10.26
6.14
6.88
8.41
8.49
3.55
2.28
1.63
0.88
-0.99
-3.31
-5.90
-5.25
-1.01
3.70
7.69
5.36
5.45
7.42
9.76
5.19
1.70
3.25
3.82
2.44
0.12
3.63
2.18
3.52
6.81
5.07
2.73
-0.57
-4.79
-5.55
-10.09
-9.96
-5.45
0.97
-3.87
-10.08
-2.11
2.16
3.12
3.78
-6.42
-10.23
-3.18
-1.25
0.71
4.01
2.50
-0.10
-1.21
-0.79
-3.84
-5.86
-4.07
-0.78
-3.81
-1.13
-0.15
1.09
1.27
1.73
2.41
1.62
1.67
0.05
-0.54
-0.60
-2.23
-3.56
-6.87
-10.87
-4.18
-6.06
-9.61
-8.01
-1.06
1.22
-3.37
-7.27
-8.77
-9.83
-13.02
-3.31
2.05
-1.73
-5.44
-7.36
0.41
-0.64
-2.06
3.72
2.78
1.07
2.78
-0.01
-2.18
-4.37
-1.22
0.37
0.56
-1.51
-7.45
-11.58
-3.53
-5.32
-7.14
-7.19
-16.04
-19.26
-16.48
-13.41
-15.72
-13.80
-6.87
-2.98
-8.73
-8.34
-2.67
-2.41
-6.95
-8.64
-8.51
-7.60
-6.53
-5.10
-2.73
-2.08
-10.37
-14.21
-14.74
-14.51
-8.88
-7.72
-11.77
-14.91
-15.74
-16.58
-16.41
-14.43
-13.36
-13.73
-16.88
-16.41
-13.91
-11.69
-10.92
-12.53
-14.67
-15.48
-15.64
-12.22
-8.54
-4.45
-5.62
-6.91
-6.88
-2.62
-0.96
2.18
1.85
4.92
5.22
3.66
3.97
1.88
3.37
1.76
0.08
-0.38
-1.91
-1.54
-1.14
-3.17
-3.27
-0.85
-1.88
-1.45
-1.99
-1.31
0.11
-0.66
-4.38
-9.42
-6.57
-0.53
-0.91
-3.03
-0.93
-0.67
-4.38
-6.11
-1.88
-4.33
-6.31
-4.48
-1.10
-0.29
0.44
-2.83
-0.13
2.01
4.32
5.85
7.63
8.15
8.17
3.02
-0.67
-2.01
-2.36
-1.97
-2.38
-1.74
-1.07
0.45
2.26
3.89
1.11
1.46
-0.57
1.06
-0.96
2.79
7.66
6.33
3.62
-0.74
4.93
9.43
10.86
11.62
11.02
11.48
6.12
4.80
6.48
7.77
8.96
4.47
1.94
1.97
2.92
3.43
1.97
2.21
4.28
5.74
5.76
4.24
5.57
7.31
10.82
12.64
12.48
12.42
11.99
13.33
13.51
12.69
9.48
13.56
14.33
15.03
10.69
7.19
2.92
7.12
11.72
9.22
1.70
3.31
1.21
0.63
1.83
5.72
7.16
8.09
8.66
11.77
12.78
12.86
14.76
11.19
5.65
7.96
6.38
6.89
6.54
9.19
11.51
11.62
14.46
16.73
13.58
7.80
5.67
7.64
5.13
4.64
5.42
7.77
6.83
2.27
3.85
8.29
10.12
6.54
6.95
5.93
3.76
1.67
7.12
10.81
8.48
7.35
3.50
3.89
4.68
4.71
7.23
8.14
7.40
6.93
6.91
10.47
11.70
12.39
11.44
12.50
12.02
10.66
9.58
8.72
8.88
9.23
6.83
6.63
2.61
2.87
6.25
7.46
11.02
7.58
1.42
2.55
3.32
3.97
5.37
4.93
6.33
6.52
5.97
5.19
5.54
5.35
1.57
3.10
5.59
-2.55
-0.83
0.71
1.34
3.73
3.66
3.92
6.14
6.38
3.67
4.39
5.16
6.67
8.28
6.24
7.02
6.52
5.17
4.11
3.83
3.98
1.29
5.49
6.29
8.57
10.68
10.08
9.40
8.17
9.02
2.40
5.93
7.43
3.17
-1.57
1.17
3.58
5.13
2.32
0.98
3.29
1.77
2.47
2.42
1.60
-2.32
-7.90
-8.95
-6.38
-3.11
-3.67
-5.18
-8.74
-9.05
-11.23
-11.69
-12.57
-10.74
-8.64
-10.06
-4.82
-2.47
-6.56
-4.51
-7.13
-10.22
-10.82
-8.80
-6.71
-1.38
0.70
0.85
-1.71
-2.12
-1.87
-4.06
-11.45
-13.57
-6.85
-3.17
-1.75
-0.82
0.72
0.71
-3.84
-9.78
-15.78
-20.04
-19.53
-9.70
-3.88
-8.61
-9.30
-9.76
-6.48
-9.58
-6.52
-4.83
-5.13
-5.92
-4.04
-3.39
-4.01
-4.41
-3.46
-6.80
-8.15
-6.48
-4.89
1.15
1.24
-6.44
-7.14
-2.77
-4.01
-6.01
-13.11
-9.70
-3.54
-1.17
-0.37
2.30
2.31
0.71
-2.01
-3.20
-4.69
-6.29
-3.22
-4.92
-11.22
-12.58
-8.68
-8.33
-6.53
-4.08
-3.67
-3.83
-8.60
-7.26
-5.18
-7.52
-8.57
-7.86
-8.25
-8.23
-7.60
-9.02
-11.43
-12.83
-15.30
-14.30
-6.91
-4.25
-9.84
-14.78
-12.41
-3.58
-4.52
-10.03
-10.94
-16.52
-8.80
-3.58
-5.12
-7.72
-6.09
-2.44
-1.60
-2.72
-3.13
-3.16
-3.75
-2.10
-1.66
4.40
3.99
-3.86
-5.74
-0.18
-0.94
-0.85
-2.40
-5.37
-1.03
-2.89
-5.46
-1.94
-0.74
0.08
-4.77
-9.17
-7.02
-3.31
4.27
2.57
-2.12
-1.64
-1.97
-0.72
0.51
1.75
2.22
2.11
3.45
1.20
0.85
0.72
0.82
-3.22
-4.12
0.01
2.41
4.81
4.89
3.14
1.25
2.09
0.74
-3.74
-2.38
2.31
3.42
1.67
2.21
6.08
6.09
7.90
7.32
1.53
0.78
2.49
5.93
-0.18
-1.06
1.70
5.38
5.87
6.42
1.40
-6.26
-6.59
-4.69
-4.19
0.83
1.64
1.75
1.67
3.19
4.21
5.67
7.15
9.74
8.35
8.98
10.75
12.21
9.97
9.23
11.76
11.06
13.29
10.80
8.04
9.95
11.21
11.92
10.26
11.41
9.34
8.51
10.36
12.55
12.66
12.51
12.64
11.12
7.23
5.58
8.65
9.33
12.08
13.69
13.26
10.91
12.31
13.07
12.99
12.48
12.23
14.39
13.75
14.10
13.40
12.63
14.24
13.12
13.51
13.43
10.04
9.43
11.75
11.48
7.33
4.70
1.42
2.31
3.39
4.23
6.03
6.83
5.49
3.99
1.83
-0.34
-0.38
0.82
5.28
6.60
9.08
7.59
8.78
5.41
4.95
6.36
9.87
5.30
2.86
4.03
2.28
4.17
1.47
-0.31
5.72
9.79
8.87
11.73
14.36
15.98
14.38
12.17
11.23
11.73
10.30
8.16
8.99
9.17
7.81
7.25
6.07
4.55
4.09
4.75
8.77
10.61
12.88
12.35
8.80
3.06
2.51
5.73
7.14
7.41
6.95
7.07
8.50
5.63
-1.27
-1.56
3.83
2.49
9.89
8.68
9.08
8.16
6.37
8.89
5.69
4.30
6.16
7.36
8.23
4.60
3.35
3.20
5.49
6.34
4.01
9.46
11.71
9.68
7.87
7.63
8.50
6.16
-1.49
-7.36
-6.17
-1.84
2.49
6.82
7.16
2.44
0.72
3.38
1.23
-2.74
0.48
4.39
6.20
5.01
2.01
-0.48
-0.22
-2.16
-2.88
-5.92
1.37
3.66
6.61
4.80
4.87
2.41
-1.05
1.21
3.21
1.55
-0.26
-1.34
2.85
-1.68
-0.91
-0.43
-7.75
-8.16
-5.43
-1.92
1.88
6.15
2.91
-0.45
-3.46
-7.11
-6.19
-4.20
-1.66
-3.78
-0.33
0.34
2.12
0.31
-1.36
-2.52
-0.42
1.24
0.08
-2.72
-9.73
-5.29
-2.69
-2.00
-0.65
-1.70
-2.92
2.92
3.22
-1.14
0.67
6.81
2.40
4.15
0.25
-3.05
-1.15
1.72
3.38
-2.89
-2.94
-4.32
-15.49
-12.75
-12.42
-7.77
-1.83
0.07
0.09
-0.25
2.29
1.20
2.89
2.58
-0.98
-6.33
-6.22
-4.80
-3.02
-4.93
-4.54
-4.28
-6.60
-0.00
-0.51
3.90
4.08
-1.74
-2.52
-1.59
-2.94
-2.77
-3.36
-3.97
-5.41
-7.14
-3.79
-2.32
-3.75
-2.99
-2.28
1.39
-0.41
-0.01
-3.27
-3.58
-3.71
-5.60
-0.60
0.02
0.41
1.33
1.51
0.24
-0.25
-0.54
-10.77
-13.31
-12.57
-12.55
-11.25
-10.31
-5.51
-3.02
-4.39
-4.05
-4.41
-6.00
-4.64
-1.77
0.70
-2.00
-2.74
-0.70
1.30
1.44
0.30
0.59
1.99
3.89
4.15
4.30
4.79
6.27
6.23
5.13
3.73
4.94
4.49
4.78
5.67
5.76
6.27
7.06
6.05
3.55
4.29
5.04
4.07
3.38
0.24
0.85
0.55
-0.45
0.17
2.26
2.00
3.71
6.42
3.96
4.06
8.56
3.36
-3.58
-2.11
0.94
5.86
8.24
8.44
9.44
9.94
9.81
9.84
9.91
6.70
2.41
-3.99
-4.06
2.16
2.80
-1.28
2.21
5.98
7.31
7.48
7.67
7.25
7.53
9.08
8.95
6.78
6.79
8.31
10.06
4.77
4.56
7.76
8.94
13.26
12.36
7.67
4.95
5.15
9.12
6.25
0.47
-0.15
3.56
7.45
9.67
10.81
4.27
5.67
-0.53
0.37
5.84
9.19
9.68
2.36
-1.49
0.57
4.75
12.03
14.26
15.14
15.01
12.66
12.56
13.46
11.34
8.30
6.55
9.24
3.72
7.63
11.48
10.75
9.39
7.83
5.20
7.25
13.59
8.03
5.31
11.47
14.11
12.66
7.83
3.00
-0.30
2.83
8.63
9.21
8.95
9.57
12.56
6.29
3.96
7.55
6.85
1.87
1.31
2.75
5.09
7.74
11.35
14.03
14.34
12.83
8.83
5.26
5.38
5.15
7.47
5.32
-0.31
0.95
3.72
8.53
9.04
6.40
6.54
4.76
7.51
7.88
7.57
8.01
9.30
7.78
0.50
1.39
5.03
8.16
7.26
7.47
6.24
0.85
-2.98
-3.24
-2.96
1.11
5.34
8.43
9.16
9.52
8.84
9.51
5.93
4.96
3.88
1.83
1.46
3.54
5.12
7.89
6.89
7.41
5.10
2.89
-0.13
-0.30
-5.51
-5.72
-4.62
1.01
-0.25
-0.56
2.43
1.99
3.39
3.34
-2.59
3.00
7.63
8.43
7.56
6.38
4.35
-1.77
0.14
1.15
-9.52
-5.92
-4.78
-8.38
-7.76
-10.16
-14.67
-8.79
-4.68
-2.96
0.61
3.28
2.25
1.90
-1.02
-1.37
-2.78
-1.69
0.58
0.80
-1.62
-0.75
-0.62
-3.43
-6.97
-5.67
1.33
-1.84
-2.83
-7.27
-5.68
-8.06
-9.38
-8.51
-5.09
-2.46
-8.25
-9.52
-8.76
-5.06
-3.45
-1.21
-1.12
-3.05
-2.77
-1.17
-0.24
-4.55
-2.75
-1.67
-3.72
-7.68
-2.95
-3.12
-4.89
-3.65
-2.36
-3.22
-2.91
-3.63
-1.80
-3.21
-2.02
-1.29
-8.00
-3.26
-4.09
-3.47
-5.60
-5.07
-1.89
3.06
5.34
2.22
-6.32
1.64
2.24
-0.11
3.11
2.45
6.05
3.19
-4.87
-6.14
-4.95
-8.19
-5.08
-7.20
-4.15
-3.97
-1.75
1.53
2.58
1.83
-2.67
-3.40
-4.56
-3.45
-1.97
-2.03
-2.62
-1.02
-0.51
-2.44
-1.98
0.64
4.87
5.28
0.33
-1.56
-2.38
-1.07
-1.34
-2.29
0.62
-0.87
-10.92
-14.09
-5.38
-0.68
-7.12
-5.24
-5.35
-5.95
-3.43
-3.79
-0.30
2.94
-5.59
-5.73
-7.49
-9.32
-11.74
-9.07
-12.17
-13.52
-14.48
-11.99
-7.59
-8.80
-6.34
-2.71
1.32
-4.56
-2.94
-4.43
-6.67
-5.32
-4.15
-6.42
-8.74
-1.97
-0.07
1.42
-2.11
-6.45
-3.92
-6.49
-8.37
-5.93
-1.81
-1.40
-2.64
1.14
-2.63
-3.01
-0.72
0.09
-0.64
3.01
3.26
1.25
-1.98
-2.22
-1.99
0.98
4.20
4.91
4.64
3.01
3.51
4.17
4.97
4.27
3.39
2.58
3.40
3.63
2.76
3.41
2.20
0.45
2.03
1.57
1.38
1.49
3.31
4.96
5.58
7.71
8.53
7.60
5.58
5.51
4.00
8.20
5.11
2.87
1.75
3.29
2.04
0.77
4.56
5.89
6.64
4.64
4.29
0.06
-0.27
-0.26
1.09
3.19
5.52
8.05
9.50
11.48
12.85
13.67
14.46
12.74
12.09
9.59
11.77
12.55
10.98
10.72
12.00
7.13
7.10
10.58
8.33
4.13
3.58
7.09
11.20
10.53
6.01
2.75
1.64
9.18
11.34
5.99
5.12
10.31
8.05
2.69
3.65
8.14
9.75
12.42
10.31
10.44
11.85
12.15
13.31
13.54
10.26
10.05
12.48
12.00
12.11
13.65
11.67
5.37
6.71
11.71
10.26
8.84
6.30
7.66
1.86
6.11
4.63
9.43
10.23
6.05
10.40
7.96
2.67
7.11
7.07
9.26
9.49
9.96
12.22
13.07
10.51
7.14
9.22
8.36
6.74
9.98
7.66
3.19
6.44
12.01
12.42
11.90
6.20
1.11
1.42
-0.97
3.35
6.16
5.40
2.87
3.37
1.84
-0.09
-0.94
0.08
0.10
1.00
0.93
1.41
2.37
1.11
3.34
-0.19
-5.40
-5.97
1.11
3.31
5.00
3.67
3.64
6.06
6.38
8.66
8.42
6.72
5.38
2.81
0.38
3.03
3.69
4.19
4.68
2.54
2.89
3.20
3.96
4.68
2.98
-1.81
-3.41
-6.61
-0.14
4.14
3.66
0.81
0.84
0.08
-0.87
-2.72
-2.12
-0.34
2.30
-0.52
-3.25
-5.17
-0.05
4.03
2.70
-1.88
-4.27
-1.81
-0.23
-4.23
-13.15
-11.92
-10.42
-11.62
-8.27
-7.01
-4.60
-4.71
-7.18
-9.08
-10.78
-7.91
-5.77
-6.83
-9.24
-8.00
-0.39
-4.33
-8.31
-11.28
-9.17
-4.19
-4.82
-3.32
-1.43
-6.56
-6.61
-4.85
-0.16
1.28
3.73
4.37
2.75
-4.39
-7.94
-5.59
-8.21
-8.38
-3.37
-4.18
-5.22
-3.98
-5.15
-6.09
-9.90
-11.91
-8.56
-6.96
-5.40
-3.40
-3.19
-4.12
-4.43
-8.13
-6.64
-4.88
-1.44
-4.50
-3.37
-7.16
-10.81
-7.20
-4.82
-5.75
-7.16
-8.18
-9.46
-4.24
-2.30
-2.34
-5.39
-6.07
-4.07
-3.34
-4.05
-3.23
-3.01
-7.74
-11.03
-5.92
-7.92
-14.26
-14.55
-15.55
-15.06
-8.33
-8.76
-7.57
-9.10
-9.15
-7.00
-5.72
-3.68
-8.57
-7.65
-3.54
-1.73
-0.90
3.90
-3.06
-4.35
-5.98
-5.45
-9.71
-9.65
-7.85
-2.67
-10.67
-8.70
-7.44
-1.10
0.84
1.31
-1.83
-0.85
2.89
1.28
-3.19
-8.15
-7.73
-4.20
-2.62
-10.25
-9.62
-4.98
-2.67
-2.52
-4.79
-3.80
0.99
1.96
1.38
-0.05
0.15
1.30
1.68
1.47
1.31
3.19
2.52
1.21
2.26
2.00
2.55
2.80
-2.91
-3.75
-2.04
-1.63
0.96
2.35
2.49
0.01
-1.43
3.37
1.16
-1.76
-3.60
-6.01
-3.20
1.39
1.84
1.80
-1.17
-0.91
2.49
7.76
4.45
7.15
5.71
6.45
6.61
6.07
5.23
0.94
4.55
7.27
2.76
5.06
8.39
10.17
10.65
13.41
13.72
13.32
5.91
2.67
5.17
8.05
3.93
4.07
3.85
5.08
6.16
4.57
6.15
1.90
1.64
4.33
2.36
4.31
3.94
7.66
11.31
12.51
10.62
8.01
10.35
11.36
7.08
1.89
1.34
0.12
3.05
9.80
8.36
5.98
6.43
10.20
10.52
11.10
10.93
11.24
10.67
9.68
8.95
7.48
4.22
1.51
3.35
2.30
5.41
9.31
13.95
13.93
11.62
14.27
6.38
-0.73
3.73
8.45
12.76
14.99
13.05
9.09
5.10
11.90
13.31
9.74
14.19
9.98
12.40
13.41
8.01
5.49
7.67
12.92
13.71
12.64
8.79
9.48
7.47
8.17
9.64
10.35
10.52
11.91
12.15
11.68
12.98
14.31
14.68
11.97
9.33
12.54
13.07
9.89
10.40
10.57
10.31
5.47
9.39
11.90
12.59
10.07
7.86
3.27
0.25
5.88
8.65
9.57
8.32
7.97
7.79
6.26
4.44
1.87
4.06
6.25
6.26
7.49
5.85
5.77
6.91
8.71
9.45
9.14
7.53
6.60
5.64
6.70
8.09
8.82
5.57
3.19
4.92
5.01
7.89
9.33
11.17
7.43
5.23
2.67
1.84
-2.56
-5.19
-3.89
-6.36
-3.32
-8.20
-6.93
-1.51
1.97
3.59
1.18
-1.58
4.18
5.02
4.67
8.81
9.38
7.54
6.69
5.94
5.57
-3.61
-3.78
-4.22
-6.51
-6.43
-4.01
-6.64
-7.41
-7.58
-5.04
0.26
3.32
2.99
2.13
5.90
4.68
2.90
6.42
7.61
7.61
0.33
-3.39
0.27
4.06
-2.51
-4.02
-3.47
-1.28
-6.71
-9.14
-3.86
-3.36
-8.37
-2.43
-0.34
-0.46
-6.47
-1.55
-0.28
-6.06
-9.46
-10.60
-9.01
-9.45
-11.35
-14.71
-14.83
-18.90
-13.46
-6.28
-1.51
-3.52
0.67
-7.48
-5.40
-8.52
-4.80
-1.20
-1.98
-4.26
-6.08
-15.27
-11.13
-6.68
-8.03
-10.62
-11.34
-5.66
-7.87
-8.83
-7.56
-5.59
-7.17
-4.96
-4.73
-1.42
-6.50
-4.42
-2.83
-5.10
-7.45
-3.58
-1.08
-4.06
-8.54
-9.63
-6.34
-8.89
-9.96
-14.72
-17.03
-15.42
-13.05
-4.27
0.31
-5.56
-8.05
-7.49
-6.26
-7.22
-12.74
-13.68
-11.65
-9.88
-11.21
-11.23
-6.79
-2.25
-3.82
-6.40
-12.48
-8.72
-3.93
-4.58
-5.04
-3.08
-7.30
-3.57
-2.40
-5.20
-6.17
-3.09
-6.84
-13.22
-12.51
-12.75
-9.75
-13.91
-10.08
-9.62
-8.69
-5.47
-5.61
-10.02
-5.87
-1.10
0.98
1.51
2.45
0.68
-0.03
0.14
0.33
1.32
-3.09
-5.91
-3.83
-0.10
-3.15
-7.94
-8.57
-7.09
-4.03
-6.52
-5.56
2.68
1.06
-1.49
0.81
0.45
-4.46
-7.69
-7.07
-5.58
-4.37
-2.68
-0.30
-1.95
-0.42
-0.50
0.44
2.67
3.02
3.50
3.58
2.15
1.93
4.39
6.45
4.15
0.98
-0.98
-2.08
1.24
-0.92
-3.39
-2.89
-1.52
0.40
0.73
0.82
-0.52
-1.34
-2.72
-3.41
-4.41
-2.82
-1.85
-3.08
2.50
3.82
4.63
5.54
7.27
7.44
4.56
1.29
3.32
3.25
1.25
-0.06
1.02
1.16
6.45
8.20
10.04
8.18
6.98
8.92
9.76
11.21
9.83
6.34
5.40
4.78
6.85
6.49
2.27
2.96
0.58
-2.92
-0.07
2.04
5.81
8.31
8.87
9.81
10.85
10.33
9.99
10.81
11.65
12.34
12.01
10.35
9.90
8.90
12.73
14.26
16.78
14.98
13.65
13.74
13.39
14.86
12.32
13.51
10.26
9.81
12.31
13.44
12.93
11.36
5.37
2.87
4.79
4.72
5.91
8.05
3.75
3.50
9.11
11.77
8.05
5.09
6.24
1.76
2.51
7.57
8.76
9.85
9.93
9.68
6.82
5.69
4.07
1.24
0.55
6.07
6.52
10.08
10.31
13.04
14.94
12.58
8.50
11.10
15.63
9.54
3.61
1.70
-0.92
2.74
7.21
7.96
7.84
7.92
8.38
10.10
7.60
2.91
1.58
3.79
10.08
7.69
2.52
8.64
8.74
4.88
4.31
3.60
5.03
6.89
7.10
8.48
7.53
2.32
-1.55
-3.75
-3.32
-2.00
1.97
1.44
1.62
6.12
7.51
6.39
3.76
7.69
10.34
11.10
9.37
7.42
5.35
5.65
5.24
4.80
3.26
-3.02
-5.05
-5.23
-3.45
-5.90
-0.58
1.80
0.02
-2.94
-7.13
-2.68
0.99
2.06
6.16
4.98
2.54
2.19
0.91
0.36
4.97
6.29
3.24
-2.68
-7.00
-5.21
-4.84
-5.19
1.48
5.94
5.97
-0.04
-4.49
-1.80
-5.81
-6.77
-3.25
-3.87
-6.28
-8.89
-11.10
-10.79
-15.32
-11.44
-8.61
-12.30
-7.87
-8.42
-11.33
-14.26
-11.02
-3.97
0.52
1.07
0.88
-8.34
-8.37
-1.86
-5.73
-11.66
-14.93
-15.68
-14.39
-13.44
-15.25
-6.52
-4.84
-2.35
1.34
-0.37
-8.34
-13.31
-11.81
-4.98
-3.01
-1.08
0.00
-1.34
-2.59
-3.60
-5.16
-8.96
-5.78
-1.20
0.86
-0.12
-1.61
-4.51
-5.30
-2.00
1.48
2.65
2.18
5.61
1.04
-3.24
-8.97
-14.05
-14.76
-11.25
-7.15
-7.51
-9.33
-8.91
-8.74
-9.46
-7.68
-5.85
-5.60
-5.25
-3.81
-4.04
-1.89
2.53
6.50
5.14
0.88
1.46
-0.76
-0.73
-2.31
-4.40
-4.86
-5.39
-5.80
-5.59
-6.35
-3.48
-6.84
-8.61
-8.97
-9.66
-4.29
-1.84
-2.00
-7.83
-7.44
-3.92
-4.25
-7.21
-4.90
-4.45
-2.23
-0.85
-3.40
-4.12
-2.88
-0.59
-0.07
-2.30
-1.55
0.42
-0.83
-3.16
-3.38
-4.18
-3.30
-4.04
-1.80
2.50
2.66
0.57
-1.13
-1.49
-2.07
-1.51
-2.76
-0.12
3.49
5.68
4.86
-0.98
3.09
6.83
7.78
6.93
8.30
6.80
4.97
-1.72
-5.28
-5.08
-3.56
-1.81
-0.51
1.03
2.12
2.52
2.74
2.47
2.59
2.30
3.50
3.60
0.03
-0.62
-0.78
1.05
1.67
2.87
0.46
-0.20
2.83
4.49
7.10
7.51
8.08
7.36
6.60
4.11
6.04
2.25
-4.10
-0.10
3.93
4.25
5.03
5.80
6.10
5.90
8.76
8.41
9.89
7.93
0.78
2.81
8.28
9.00
2.17
1.63
7.70
8.21
6.94
5.77
4.35
4.28
2.10
-0.34
2.64
1.37
3.89
4.09
6.72
8.48
7.52
8.43
2.60
1.07
7.63
9.60
8.87
5.17
3.60
9.71
14.86
14.92
14.94
11.02
5.73
4.56
4.96
7.92
8.96
9.26
10.18
11.22
8.66
10.24
10.26
11.83
14.92
7.54
3.47
5.25
8.05
4.17
1.53
1.82
0.41
2.62
3.72
1.51
-0.97
1.90
4.78
4.87
4.36
5.97
6.03
7.02
9.77
13.55
9.50
9.69
10.06
11.12
7.09
3.18
2.32
6.09
10.40
8.53
10.30
10.19
7.92
11.13
14.11
14.67
13.70
14.89
16.95
16.54
14.70
13.39
13.74
10.28
0.69
8.48
7.18
8.48
10.49
9.77
11.49
12.32
8.31
4.03
7.94
7.09
8.94
11.54
13.10
11.22
7.09
10.45
8.62
11.84
11.03
8.05
0.06
-2.42
4.62
8.69
7.78
8.18
7.53
6.83
8.05
9.54
9.76
9.12
9.87
10.30
11.25
11.02
9.38
10.23
6.61
-4.36
-5.45
-0.71
5.81
8.27
8.40
5.31
5.03
5.60
5.86
3.63
4.30
-0.55
-6.38
-1.68
0.04
1.80
2.69
1.90
0.36
5.04
5.73
5.58
4.67
4.33
3.23
3.82
4.02
4.73
4.51
3.84
1.76
1.71
3.18
1.72
1.54
2.29
4.82
4.74
3.72
1.49
-0.50
-0.19
1.56
0.85
1.38
0.79
2.05
3.46
2.21
3.15
4.34
4.28
1.40
-0.22
2.84
0.22
-3.26
-1.95
-6.85
-8.48
-5.46
-3.01
-1.55
-3.41
-3.00
-6.84
-2.11
-4.39
-7.64
-5.78
-12.02
-13.48
-14.64
-8.95
-7.10
-1.87
1.66
-8.87
-3.46
2.69
3.33
1.49
-8.66
-9.28
-2.85
-0.24
-3.94
-3.22
-6.54
-6.27
-11.71
-6.02
-7.34
-5.05
0.64
1.29
0.73
-2.08
-2.72
-2.62
-4.93
-3.87
-2.42
-2.04
-6.70
-4.58
-3.19
-3.67
-8.67
-4.47
-3.39
-5.58
-9.31
-9.46
-9.69
-12.91
-12.01
-13.07
-16.07
-17.90
-12.34
-14.56
-10.64
-5.48
-7.73
-17.31
-13.74
-12.93
-12.23
-12.51
-10.48
-7.66
-1.63
-3.61
-7.53
-9.96
-4.48
-0.78
0.66
4.18
2.26
-4.14
-4.45
-0.75
6.43
4.79
3.15
-0.62
-2.09
-10.46
-8.76
-5.25
-8.69
-8.50
-0.42
2.09
4.36
5.82
3.81
4.38
3.20
0.19
-3.67
-7.75
-4.71
0.88
1.41
0.39
0.27
-0.26
0.72
2.05
2.61
1.81
2.07
2.51
0.91
0.92
-0.58
-1.05
-1.18
-0.70
-3.38
-7.62
-3.00
0.03
-6.62
-3.83
-3.73
-3.76
-4.40
-4.73
-5.85
-5.74
-5.66
-6.23
-4.62
-6.99
-4.95
-6.78
-0.30
5.77
8.36
8.04
3.87
2.31
0.69
-0.63
0.77
1.96
-0.45
-1.40
-0.39
1.74
4.39
8.45
10.17
6.83
0.12
1.28
-2.67
-7.34
3.43
3.64
5.18
3.32
0.31
1.25
6.53
8.29
7.98
6.36
4.92
4.45
5.87
6.37
5.25
8.19
10.20
6.23
0.53
4.29
6.01
9.76
4.65
2.99
1.99
1.22
-0.53
-0.53
4.89
10.15
11.55
12.06
12.17
11.70
9.34
9.10
7.07
8.32
9.57
6.79
7.83
11.89
14.11
15.57
15.82
10.72
7.85
8.10
9.82
9.08
6.21
8.99
8.63
9.01
9.11
7.67
6.18
6.45
5.50
1.57
3.86
8.84
12.32
10.94
8.34
3.90
4.77
8.76
11.67
12.07
13.47
15.17
9.93
7.75
7.93
10.72
13.50
11.69
9.50
11.64
9.12
6.52
7.31
11.23
10.76
10.07
11.43
10.54
9.34
10.91
13.54
10.27
14.73
17.53
19.16
16.50
16.37
14.87
14.23
13.13
9.19
3.68
10.93
9.92
10.97
6.40
-0.78
0.61
5.63
9.03
9.52
8.79
9.64
10.44
10.84
9.37
9.24
8.40
0.26
-1.33
5.43
7.71
9.27
9.11
8.25
1.48
5.49
8.40
7.46
10.28
4.06
6.01
4.56
0.25
6.06
6.86
5.00
4.79
4.37
4.43
3.89
7.33
7.09
4.48
6.02
4.29
3.28
4.65
1.57
2.08
0.37
-4.86
1.34
7.43
10.75
11.45
10.66
12.14
10.97
10.07
8.03
6.18
3.49
-4.56
-12.01
-5.61
-1.26
-1.39
-2.08
-2.92
1.28
2.02
-4.92
-6.46
-0.44
3.41
4.45
1.93
-1.94
-1.66
3.92
3.98
4.76
5.93
1.97
-0.54
0.58
2.58
1.85
-1.00
1.35
4.38
1.00
1.18
-2.62
-3.02
-8.81
-8.01
-6.60
-12.18
-7.24
-8.35
-11.48
-13.01
-9.96
-12.29
-7.02
-10.76
-13.58
-9.01
-4.93
-1.60
-3.73
-5.33
-6.72
-8.34
-5.00
-2.06
-6.46
-2.93
4.32
6.78
1.94
-4.53
-4.59
-4.70
1.69
-5.34
0.31
-4.20
-6.77
0.59
-0.25
2.52
3.69
4.17
3.49
3.30
-3.49
-7.97
-7.11
-8.60
-11.40
-12.75
-16.27
-16.89
-7.61
-1.66
-2.51
-8.90
-9.51
-7.07
-8.88
-8.14
-7.37
-2.10
-6.09
0.06
0.50
-2.70
-2.64
-9.23
-11.52
-5.13
-7.27
-12.87
-14.47
-15.99
-16.83
-12.03
-9.43
-10.74
-12.47
-7.67
-8.51
-8.96
-9.55
-10.34
-5.25
-6.29
-12.35
-14.06
-15.29
-16.85
-11.30
-8.37
-3.66
-4.45
-3.29
0.20
-1.17
-0.62
-1.59
-0.95
-0.71
-1.37
-4.05
-4.17
-4.86
-5.58
-7.99
-15.17
-15.71
-7.72
-6.64
-7.93
-8.42
-7.91
-6.23
0.68
-1.33
-2.99
-4.62
-7.06
-5.12
-3.23
-3.74
-4.01
-7.73
-3.87
-3.96
-4.47
-2.84
-3.92
-3.77
-4.24
-5.32
-5.56
-3.40
1.08
-3.73
-1.98
5.05
6.13
4.40
6.26
5.76
-1.79
-2.70
-0.66
-2.43
0.39
2.78
5.61
4.43
0.16
0.99
4.91
5.52
4.90
3.63
-0.47
0.54
2.67
1.03
1.40
3.94
3.63
0.36
-1.91
-3.25
1.22
3.34
1.63
0.76
-1.88
0.59
-2.80
-2.76
-2.32
-1.56
-4.62
-7.70
-6.70
-5.05
1.45
0.31
-4.49
-3.28
-1.82
0.74
1.70
1.97
4.06
4.89
5.70
6.49
6.91
2.58
1.11
3.51
6.97
9.43
8.58
8.48
11.27
13.96
14.77
13.17
8.16
5.17
5.90
3.84
-0.36
-0.26
1.82
0.24
0.28
1.76
5.07
9.20
8.75
5.97
6.85
10.33
11.82
12.05
10.70
9.87
9.91
10.73
10.86
9.79
10.59
10.55
12.02
9.79
8.59
9.28
10.70
11.96
11.85
12.47
11.45
12.59
14.82
16.29
14.76
4.79
7.73
12.52
15.19
16.93
15.69
14.59
15.42
14.83
10.28
8.33
6.49
7.45
8.61
11.61
9.11
7.12
10.03
10.29
10.30
10.99
7.93
7.51
11.07
11.06
10.46
6.93
2.62
3.70
4.07
5.07
7.47
7.56
7.16
6.40
8.77
12.69
12.93
11.85
10.07
9.27
5.89
3.46
2.68
-1.18
-0.41
2.03
7.04
3.33
2.70
-1.79
3.35
3.44
6.73
8.11
8.98
11.49
11.03
8.75
9.01
10.38
11.03
6.33
4.32
5.35
7.77
9.74
8.87
3.67
3.30
5.36
4.47
2.50
-3.24
-6.01
-5.12
-0.41
0.56
0.37
2.72
4.47
8.46
8.02
4.41
6.70
9.17
4.33
5.95
9.01
11.12
6.66
7.45
-0.41
-0.93
3.77
3.03
2.75
-2.40
-1.72
-3.10
1.29
4.04
3.79
-4.28
-6.13
-4.61
2.69
3.35
-3.24
-4.84
3.06
1.31
1.16
-2.03
-8.38
-10.48
-10.14
-5.01
-4.21
-6.83
-8.62
-8.18
-2.14
-0.38
-7.12
-1.23
3.83
4.47
2.07
-0.22
-3.82
-2.67
-0.83
1.22
3.77
4.14
2.48
-0.38
-2.66
1.42
4.63
3.40
-1.41
-1.43
-3.53
-0.44
-1.17
-1.25
-0.16
-2.37
-7.44
-2.21
-2.04
-9.23
-6.15
-1.87
-3.02
-3.17
-1.58
-1.54
-5.26
3.85
3.54
3.55
2.61
-0.08
0.80
0.70
-2.78
-7.56
-5.14
-1.62
-4.73
-1.27
-1.60
-5.52
-7.33
-4.52
-7.67
-10.61
-4.79
-6.93
-9.79
-11.12
-7.66
-7.12
-5.03
-3.07
-7.85
-3.01
-5.36
-6.69
-2.22
-4.01
-4.80
-8.76
-6.30
-7.22
-5.45
-5.30
-1.91
0.69
-6.94
-4.98
1.50
-5.03
-3.96
-5.74
-8.52
-3.38
-1.01
-4.53
-6.52
-8.15
-7.39
-9.18
-6.62
-7.05
-8.44
-6.06
-4.66
-0.78
3.53
3.04
1.29
3.69
3.02
2.02
2.08
0.55
0.72
5.52
4.20
1.82
3.82
1.35
-2.42
-9.23
-10.51
-9.31
-7.42
-5.09
-2.10
2.25
3.81
1.67
1.32
3.34
1.95
0.97
0.32
2.07
5.01
-0.43
0.22
3.74
3.68
2.23
1.17
1.33
-0.88
-0.79
1.80
-2.55
-5.18
-0.03
-0.89
0.40
1.43
3.20
2.32
1.59
-3.83
-3.85
-1.58
-2.30
-0.91
-1.73
-0.88
-0.41
3.81
3.53
-0.00
3.16
3.52
5.14
-1.79
-4.34
-4.81
-4.10
-4.03
1.12
1.97
3.09
3.52
6.20
7.86
5.71
2.63
1.45
3.07
1.34
-0.02
0.04
1.64
2.75
3.19
2.86
2.71
2.72
1.70
4.70
9.03
12.04
14.10
13.72
11.90
12.44
12.87
9.80
6.93
5.68
5.75
3.26
3.96
4.97
6.58
10.18
10.89
10.23
8.11
6.52
5.92
7.13
9.16
2.38
2.02
6.83
5.06
10.58
10.60
7.17
10.64
6.89
0.95
0.33
1.49
5.11
5.20
4.82
5.63
9.28
11.56
13.11
14.37
15.83
9.26
4.60
7.85
11.20
7.39
8.84
5.52
7.68
7.04
4.11
6.87
10.05
10.06
8.42
6.64
7.46
6.44
8.17
8.37
10.44
10.59
12.57
8.29
7.18
4.21
1.51
1.16
1.72
5.58
7.92
5.50
4.08
3.41
5.23
3.34
3.06
6.61
7.25
6.11
9.28
9.03
7.91
5.53
3.61
6.45
8.03
9.08
7.41
8.55
8.97
10.14
8.20
7.33
5.37
3.23
6.79
6.94
6.90
7.95
8.63
7.83
8.55
7.39
5.30
3.30
7.47
3.38
2.06
8.29
10.18
8.78
7.86
6.10
6.04
7.11
6.46
4.89
3.81
3.60
5.25
7.99
8.25
7.93
5.54
7.76
3.77
3.71
4.37
6.77
7.08
10.33
10.68
9.78
2.85
-7.56
0.22
6.00
3.84
3.80
4.76
2.49
1.91
5.32
7.22
6.27
5.11
2.88
2.04
-3.46
-3.46
0.55
0.48
1.64
0.71
3.44
-0.00
1.20
4.19
-1.44
-3.92
-4.26
-5.55
-1.96
4.15
4.60
5.58
7.39
5.89
3.31
1.34
1.63
2.46
3.67
3.12
0.68
-0.09
-0.51
-1.29
-2.43
-2.52
-5.65
-6.74
-9.70
-3.58
-6.29
-1.21
0.38
-1.16
-1.82
-4.10
-3.67
1.57
1.15
-2.22
0.96
3.93
4.86
0.29
-3.59
-10.62
-9.24
-13.06
-13.07
-9.28
-2.47
